-5000000.000000 2.964240
-4995000.000000 2.919880
-4990000.000000 2.827949
-4985000.000000 2.949497
-4980000.000000 2.951298
-4975000.000000 2.856969
-4970000.000000 2.925563
-4965000.000000 2.920346
-4960000.000000 2.983468
-4955000.000000 2.916492
-4950000.000000 2.958641
-4945000.000000 3.118320
-4940000.000000 3.128871
-4935000.000000 3.063206
-4930000.000000 2.980516
-4925000.000000 2.982942
-4920000.000000 3.004562
-4915000.000000 2.875774
-4910000.000000 2.976741
-4905000.000000 3.155660
-4900000.000000 3.229697
-4895000.000000 3.351310
-4890000.000000 3.305566
-4885000.000000 3.085612
-4880000.000000 2.980312
-4875000.000000 2.898298
-4870000.000000 2.941951
-4865000.000000 2.953188
-4860000.000000 3.054855
-4855000.000000 3.081585
-4850000.000000 3.230741
-4845000.000000 3.278644
-4840000.000000 3.150457
-4835000.000000 3.069489
-4830000.000000 3.031860
-4825000.000000 2.987258
-4820000.000000 3.050558
-4815000.000000 3.154046
-4810000.000000 3.153137
-4805000.000000 3.011814
-4800000.000000 2.956846
-4795000.000000 3.006141
-4790000.000000 2.972583
-4785000.000000 3.119130
-4780000.000000 3.166103
-4775000.000000 3.223334
-4770000.000000 3.192878
-4765000.000000 3.044193
-4760000.000000 2.928178
-4755000.000000 2.969719
-4750000.000000 2.972666
-4745000.000000 3.017898
-4740000.000000 3.107559
-4735000.000000 3.187588
-4730000.000000 3.171579
-4725000.000000 3.184642
-4720000.000000 3.013141
-4715000.000000 2.971450
-4710000.000000 3.035279
-4705000.000000 3.011045
-4700000.000000 2.951551
-4695000.000000 3.111814
-4690000.000000 3.171805
-4685000.000000 3.190555
-4680000.000000 3.103597
-4675000.000000 2.956918
-4670000.000000 2.984294
-4665000.000000 3.002727
-4660000.000000 2.994346
-4655000.000000 3.106677
-4650000.000000 3.068604
-4645000.000000 2.948481
-4640000.000000 2.990107
-4635000.000000 2.978551
-4630000.000000 3.047013
-4625000.000000 2.992646
-4620000.000000 3.100758
-4615000.000000 3.221854
-4610000.000000 3.127949
-4605000.000000 3.031271
-4600000.000000 2.973222
-4595000.000000 3.038617
-4590000.000000 3.021209
-4585000.000000 3.006609
-4580000.000000 3.094902
-4575000.000000 3.149043
-4570000.000000 3.141514
-4565000.000000 3.066933
-4560000.000000 3.029546
-4555000.000000 2.987717
-4550000.000000 2.991985
-4545000.000000 2.962063
-4540000.000000 2.982470
-4535000.000000 3.113552
-4530000.000000 3.132234
-4525000.000000 3.034184
-4520000.000000 2.924831
-4515000.000000 3.091619
-4510000.000000 2.960591
-4505000.000000 3.181031
-4500000.000000 3.188882
-4495000.000000 3.073968
-4490000.000000 3.115454
-4485000.000000 2.992775
-4480000.000000 2.981562
-4475000.000000 2.971812
-4470000.000000 2.944169
-4465000.000000 2.910834
-4460000.000000 2.904827
-4455000.000000 2.941420
-4450000.000000 3.049648
-4445000.000000 2.967523
-4440000.000000 3.007524
-4435000.000000 3.095629
-4430000.000000 3.004265
-4425000.000000 2.966029
-4420000.000000 3.051562
-4415000.000000 3.103928
-4410000.000000 3.006906
-4405000.000000 2.955293
-4400000.000000 2.927234
-4395000.000000 2.935980
-4390000.000000 3.015013
-4385000.000000 2.963213
-4380000.000000 3.072818
-4375000.000000 2.938821
-4370000.000000 2.977126
-4365000.000000 3.113373
-4360000.000000 3.033072
-4355000.000000 2.994482
-4350000.000000 3.053797
-4345000.000000 2.976675
-4340000.000000 2.858903
-4335000.000000 2.890926
-4330000.000000 2.916390
-4325000.000000 2.964818
-4320000.000000 2.939398
-4315000.000000 2.829004
-4310000.000000 2.865688
-4305000.000000 2.908120
-4300000.000000 2.992693
-4295000.000000 3.014462
-4290000.000000 2.966053
-4285000.000000 2.931934
-4280000.000000 2.933509
-4275000.000000 2.929383
-4270000.000000 2.873318
-4265000.000000 2.979087
-4260000.000000 3.009343
-4255000.000000 3.145147
-4250000.000000 3.075631
-4245000.000000 2.934973
-4240000.000000 2.930400
-4235000.000000 2.984761
-4230000.000000 2.938307
-4225000.000000 2.906028
-4220000.000000 2.927806
-4215000.000000 2.955024
-4210000.000000 3.014909
-4205000.000000 3.020125
-4200000.000000 2.985845
-4195000.000000 2.945448
-4190000.000000 2.898313
-4185000.000000 2.882715
-4180000.000000 2.884469
-4175000.000000 2.962367
-4170000.000000 3.008470
-4165000.000000 3.043956
-4160000.000000 3.019685
-4155000.000000 3.088265
-4150000.000000 3.027728
-4145000.000000 2.906112
-4140000.000000 2.933083
-4135000.000000 2.897238
-4130000.000000 2.916718
-4125000.000000 3.028889
-4120000.000000 3.036846
-4115000.000000 2.984665
-4110000.000000 2.929501
-4105000.000000 2.896524
-4100000.000000 2.901568
-4095000.000000 2.929803
-4090000.000000 2.916310
-4085000.000000 2.994044
-4080000.000000 3.007211
-4075000.000000 3.045667
-4070000.000000 3.049290
-4065000.000000 3.131759
-4060000.000000 3.089067
-4055000.000000 3.130753
-4050000.000000 3.061002
-4045000.000000 3.253085
-4040000.000000 3.259428
-4035000.000000 3.194933
-4030000.000000 2.982010
-4025000.000000 2.940275
-4020000.000000 3.054451
-4015000.000000 2.954785
-4010000.000000 3.066394
-4005000.000000 3.091303
-4000000.000000 3.176865
-3995000.000000 3.274201
-3990000.000000 3.169535
-3985000.000000 3.079822
-3980000.000000 3.028874
-3975000.000000 3.010986
-3970000.000000 2.964289
-3965000.000000 2.936461
-3960000.000000 2.900422
-3955000.000000 2.860968
-3950000.000000 2.974443
-3945000.000000 2.963208
-3940000.000000 3.053697
-3935000.000000 2.844400
-3930000.000000 2.894590
-3925000.000000 3.025702
-3920000.000000 3.147802
-3915000.000000 2.993689
-3910000.000000 2.928568
-3905000.000000 2.910450
-3900000.000000 2.970365
-3895000.000000 3.021121
-3890000.000000 2.828499
-3885000.000000 2.932960
-3880000.000000 3.022119
-3875000.000000 3.246222
-3870000.000000 3.213407
-3865000.000000 3.059185
-3860000.000000 2.878792
-3855000.000000 2.919250
-3850000.000000 2.953382
-3845000.000000 2.930981
-3840000.000000 2.833593
-3835000.000000 2.994207
-3830000.000000 3.129676
-3825000.000000 3.064910
-3820000.000000 3.026024
-3815000.000000 2.966908
-3810000.000000 2.989689
-3805000.000000 3.069740
-3800000.000000 2.982383
-3795000.000000 3.151488
-3790000.000000 3.060834
-3785000.000000 2.972428
-3780000.000000 2.878219
-3775000.000000 2.975403
-3770000.000000 2.924504
-3765000.000000 2.830089
-3760000.000000 2.904116
-3755000.000000 2.990132
-3750000.000000 3.110367
-3745000.000000 3.166275
-3740000.000000 3.065988
-3735000.000000 2.977620
-3730000.000000 2.947426
-3725000.000000 2.991100
-3720000.000000 2.883838
-3715000.000000 3.115056
-3710000.000000 3.196397
-3705000.000000 3.177284
-3700000.000000 2.982245
-3695000.000000 2.921475
-3690000.000000 2.902790
-3685000.000000 2.969648
-3680000.000000 3.036235
-3675000.000000 3.252646
-3670000.000000 3.297598
-3665000.000000 3.301536
-3660000.000000 3.208398
-3655000.000000 3.120651
-3650000.000000 3.001084
-3645000.000000 2.924182
-3640000.000000 3.070742
-3635000.000000 3.236718
-3630000.000000 3.345462
-3625000.000000 3.200644
-3620000.000000 3.131591
-3615000.000000 2.959753
-3610000.000000 2.838896
-3605000.000000 2.876409
-3600000.000000 2.909228
-3595000.000000 2.957385
-3590000.000000 3.126860
-3585000.000000 3.127956
-3580000.000000 3.109702
-3575000.000000 2.874795
-3570000.000000 2.819035
-3565000.000000 2.895641
-3560000.000000 3.037596
-3555000.000000 3.040572
-3550000.000000 3.057792
-3545000.000000 3.121761
-3540000.000000 3.051884
-3535000.000000 3.058589
-3530000.000000 3.020439
-3525000.000000 3.017372
-3520000.000000 2.976876
-3515000.000000 3.009300
-3510000.000000 2.983571
-3505000.000000 3.010693
-3500000.000000 3.092564
-3495000.000000 3.063598
-3490000.000000 2.949886
-3485000.000000 2.926111
-3480000.000000 2.866639
-3475000.000000 2.937960
-3470000.000000 3.072459
-3465000.000000 3.157589
-3460000.000000 3.092681
-3455000.000000 3.050384
-3450000.000000 3.085142
-3445000.000000 2.996561
-3440000.000000 2.931401
-3435000.000000 2.962620
-3430000.000000 3.101570
-3425000.000000 3.212547
-3420000.000000 3.062078
-3415000.000000 3.045694
-3410000.000000 3.141234
-3405000.000000 3.199173
-3400000.000000 3.208156
-3395000.000000 3.187160
-3390000.000000 3.229036
-3385000.000000 3.309241
-3380000.000000 3.293529
-3375000.000000 3.132516
-3370000.000000 3.039199
-3365000.000000 3.124799
-3360000.000000 3.199398
-3355000.000000 3.300732
-3350000.000000 3.261984
-3345000.000000 3.260180
-3340000.000000 3.216109
-3335000.000000 3.192487
-3330000.000000 3.132348
-3325000.000000 3.165949
-3320000.000000 3.013642
-3315000.000000 3.210708
-3310000.000000 3.441032
-3305000.000000 3.592598
-3300000.000000 3.647201
-3295000.000000 3.639647
-3290000.000000 3.525321
-3285000.000000 3.345090
-3280000.000000 3.276398
-3275000.000000 3.211087
-3270000.000000 3.205362
-3265000.000000 3.220100
-3260000.000000 3.225500
-3255000.000000 3.177973
-3250000.000000 3.096955
-3245000.000000 3.063339
-3240000.000000 3.061872
-3235000.000000 3.030657
-3230000.000000 3.091331
-3225000.000000 3.131655
-3220000.000000 3.117658
-3215000.000000 3.102330
-3210000.000000 3.071838
-3205000.000000 3.106506
-3200000.000000 3.071486
-3195000.000000 3.205464
-3190000.000000 3.099187
-3185000.000000 3.144534
-3180000.000000 3.128193
-3175000.000000 3.138045
-3170000.000000 3.181294
-3165000.000000 3.045496
-3160000.000000 3.003320
-3155000.000000 2.949791
-3150000.000000 3.183438
-3145000.000000 3.402236
-3140000.000000 3.513383
-3135000.000000 3.465713
-3130000.000000 3.377642
-3125000.000000 3.339128
-3120000.000000 3.241557
-3115000.000000 3.184654
-3110000.000000 3.136420
-3105000.000000 3.232721
-3100000.000000 3.198843
-3095000.000000 3.184405
-3090000.000000 3.090037
-3085000.000000 3.090914
-3080000.000000 3.026970
-3075000.000000 3.093886
-3070000.000000 3.230419
-3065000.000000 3.227111
-3060000.000000 3.260626
-3055000.000000 3.359418
-3050000.000000 3.387002
-3045000.000000 3.341327
-3040000.000000 3.206908
-3035000.000000 3.105979
-3030000.000000 3.185657
-3025000.000000 3.355770
-3020000.000000 3.407789
-3015000.000000 3.500266
-3010000.000000 3.514838
-3005000.000000 3.493437
-3000000.000000 3.476463
-2997500.000000 3.419979
-2995000.000000 3.222972
-2992500.000000 3.213152
-2990000.000000 3.272722
-2987500.000000 3.232420
-2985000.000000 3.264201
-2982500.000000 3.425451
-2980000.000000 3.556194
-2977500.000000 3.575788
-2975000.000000 3.530479
-2972500.000000 3.403749
-2970000.000000 3.394468
-2967500.000000 3.323828
-2965000.000000 3.244016
-2962500.000000 3.259909
-2960000.000000 3.122698
-2957500.000000 3.237554
-2955000.000000 3.153364
-2952500.000000 3.066619
-2950000.000000 3.005760
-2947500.000000 3.027831
-2945000.000000 3.113983
-2942500.000000 3.140529
-2940000.000000 3.158768
-2937500.000000 3.260948
-2935000.000000 3.412016
-2932500.000000 3.567801
-2930000.000000 3.627899
-2927500.000000 3.514057
-2925000.000000 3.558135
-2922500.000000 3.600280
-2920000.000000 3.502454
-2917500.000000 3.436902
-2915000.000000 3.431476
-2912500.000000 3.363636
-2910000.000000 3.356210
-2907500.000000 3.285906
-2905000.000000 3.274179
-2902500.000000 3.220657
-2900000.000000 3.191051
-2897500.000000 3.052339
-2895000.000000 3.285584
-2892500.000000 3.298930
-2890000.000000 3.470908
-2887500.000000 3.447940
-2885000.000000 3.526061
-2882500.000000 3.412906
-2880000.000000 3.560597
-2877500.000000 3.524436
-2875000.000000 3.350436
-2872500.000000 3.372244
-2870000.000000 3.320520
-2867500.000000 3.355952
-2865000.000000 3.333071
-2862500.000000 3.256489
-2860000.000000 3.296866
-2857500.000000 3.178242
-2855000.000000 3.399048
-2852500.000000 3.549684
-2850000.000000 3.549720
-2847500.000000 3.561551
-2845000.000000 3.475632
-2842500.000000 3.512954
-2840000.000000 3.486376
-2837500.000000 3.357668
-2835000.000000 3.216133
-2832500.000000 3.205973
-2830000.000000 3.218832
-2827500.000000 3.184769
-2825000.000000 3.255559
-2822500.000000 3.303924
-2820000.000000 3.527443
-2817500.000000 3.556094
-2815000.000000 3.582202
-2812500.000000 3.667237
-2810000.000000 3.682093
-2807500.000000 3.788666
-2805000.000000 3.705178
-2802500.000000 3.729418
-2800000.000000 3.621469
-2797500.000000 3.495400
-2795000.000000 3.388904
-2792500.000000 3.270362
-2790000.000000 3.048828
-2787500.000000 3.289592
-2785000.000000 3.192381
-2782500.000000 3.203859
-2780000.000000 3.214903
-2777500.000000 3.218018
-2775000.000000 3.265093
-2772500.000000 3.293189
-2770000.000000 3.316884
-2767500.000000 3.289471
-2765000.000000 3.361780
-2762500.000000 3.457259
-2760000.000000 3.391497
-2757500.000000 3.297181
-2755000.000000 3.218120
-2752500.000000 3.190558
-2750000.000000 3.141201
-2747500.000000 3.144290
-2745000.000000 3.145607
-2742500.000000 3.150452
-2740000.000000 3.193573
-2737500.000000 3.214121
-2735000.000000 3.384633
-2732500.000000 3.449879
-2730000.000000 3.565223
-2727500.000000 3.690374
-2725000.000000 3.729343
-2722500.000000 3.808221
-2720000.000000 3.798358
-2717500.000000 3.822911
-2715000.000000 3.851632
-2712500.000000 3.762446
-2710000.000000 3.814963
-2707500.000000 3.807263
-2705000.000000 3.720397
-2702500.000000 3.388654
-2700000.000000 3.654158
-2697500.000000 3.651333
-2695000.000000 3.652943
-2692500.000000 3.669675
-2690000.000000 3.812525
-2687500.000000 3.854312
-2685000.000000 3.831895
-2682500.000000 3.732982
-2680000.000000 3.443866
-2677500.000000 3.448009
-2675000.000000 3.331969
-2672500.000000 3.103308
-2670000.000000 3.288636
-2667500.000000 3.291079
-2665000.000000 3.253221
-2662500.000000 3.238586
-2660000.000000 3.283306
-2657500.000000 3.112917
-2655000.000000 3.256746
-2652500.000000 3.328222
-2650000.000000 3.494578
-2647500.000000 3.723737
-2645000.000000 3.779860
-2642500.000000 3.730298
-2640000.000000 3.651462
-2637500.000000 3.638495
-2635000.000000 3.508115
-2632500.000000 3.484996
-2630000.000000 3.374917
-2627500.000000 3.201430
-2625000.000000 3.306951
-2622500.000000 3.296467
-2620000.000000 3.397334
-2617500.000000 3.482650
-2615000.000000 3.429449
-2612500.000000 3.666059
-2610000.000000 3.779314
-2607500.000000 3.867892
-2605000.000000 3.793500
-2602500.000000 3.845228
-2600000.000000 3.789492
-2597500.000000 3.649917
-2595000.000000 3.521053
-2592500.000000 3.344518
-2590000.000000 3.280433
-2587500.000000 3.253325
-2585000.000000 3.305052
-2582500.000000 3.236863
-2580000.000000 3.355898
-2577500.000000 3.236429
-2575000.000000 3.388837
-2572500.000000 3.488016
-2570000.000000 3.514699
-2567500.000000 3.446720
-2565000.000000 3.603982
-2562500.000000 3.561479
-2560000.000000 3.558449
-2557500.000000 3.429562
-2555000.000000 3.332587
-2552500.000000 3.187575
-2550000.000000 3.188893
-2547500.000000 3.249660
-2545000.000000 3.310142
-2542500.000000 3.370551
-2540000.000000 3.587472
-2537500.000000 3.717407
-2535000.000000 3.843137
-2532500.000000 3.996771
-2530000.000000 3.975953
-2527500.000000 4.115896
-2525000.000000 4.186652
-2522500.000000 4.178978
-2520000.000000 4.260010
-2517500.000000 4.163491
-2515000.000000 3.940592
-2512500.000000 3.519478
-2510000.000000 3.723029
-2507500.000000 3.523558
-2505000.000000 3.447792
-2502500.000000 3.374986
-2500000.000000 3.336146
-2497500.000000 3.481869
-2495000.000000 3.669221
-2492500.000000 3.651484
-2490000.000000 3.948731
-2487500.000000 4.161986
-2485000.000000 4.013973
-2482500.000000 4.042513
-2480000.000000 3.890347
-2477500.000000 3.673304
-2475000.000000 3.485482
-2472500.000000 3.551738
-2470000.000000 3.294929
-2467500.000000 3.332571
-2465000.000000 3.322353
-2462500.000000 3.366491
-2460000.000000 3.357646
-2457500.000000 3.465944
-2455000.000000 3.555716
-2452500.000000 3.730444
-2450000.000000 3.805588
-2447500.000000 3.878307
-2445000.000000 4.026822
-2442500.000000 4.038786
-2440000.000000 3.803860
-2437500.000000 4.125447
-2435000.000000 3.990391
-2432500.000000 4.280755
-2430000.000000 4.084322
-2427500.000000 3.817013
-2425000.000000 3.692169
-2422500.000000 3.540124
-2420000.000000 3.440320
-2417500.000000 3.267231
-2415000.000000 3.387396
-2412500.000000 3.343124
-2410000.000000 3.296300
-2407500.000000 3.486971
-2405000.000000 3.592693
-2402500.000000 3.675715
-2400000.000000 3.557172
-2397500.000000 3.606885
-2395000.000000 3.479251
-2392500.000000 3.393040
-2390000.000000 3.571605
-2387500.000000 3.316195
-2385000.000000 3.302401
-2382500.000000 3.201806
-2380000.000000 3.309426
-2377500.000000 3.374373
-2375000.000000 3.434146
-2372500.000000 3.586492
-2370000.000000 3.759591
-2367500.000000 3.791406
-2365000.000000 3.700671
-2362500.000000 3.812845
-2360000.000000 3.811313
-2357500.000000 3.934872
-2355000.000000 3.889944
-2352500.000000 3.690977
-2350000.000000 3.515438
-2347500.000000 3.295329
-2345000.000000 3.221286
-2342500.000000 3.277164
-2340000.000000 3.239108
-2337500.000000 3.370273
-2335000.000000 3.532176
-2332500.000000 3.624160
-2330000.000000 3.625681
-2327500.000000 3.699186
-2325000.000000 3.484373
-2322500.000000 3.689111
-2320000.000000 3.805419
-2317500.000000 3.757093
-2315000.000000 3.746672
-2312500.000000 3.644928
-2310000.000000 3.678408
-2307500.000000 3.461911
-2305000.000000 3.547901
-2302500.000000 3.402254
-2300000.000000 3.302448
-2297500.000000 3.334461
-2295000.000000 3.358871
-2292500.000000 3.453062
-2290000.000000 3.552383
-2287500.000000 3.680532
-2285000.000000 3.851801
-2282500.000000 3.923498
-2280000.000000 3.938816
-2277500.000000 3.915195
-2275000.000000 3.979944
-2272500.000000 3.605640
-2270000.000000 3.595530
-2267500.000000 3.385463
-2265000.000000 3.310115
-2262500.000000 3.238445
-2260000.000000 3.143152
-2257500.000000 3.347017
-2255000.000000 3.362831
-2252500.000000 3.647211
-2250000.000000 3.726713
-2247500.000000 3.789674
-2245000.000000 3.844644
-2242500.000000 3.885610
-2240000.000000 3.974125
-2237500.000000 3.743642
-2235000.000000 3.612628
-2232500.000000 3.473168
-2230000.000000 3.436520
-2227500.000000 3.374788
-2225000.000000 3.337536
-2222500.000000 3.415391
-2220000.000000 3.477543
-2217500.000000 3.593368
-2215000.000000 3.588166
-2212500.000000 3.460354
-2210000.000000 3.613849
-2207500.000000 3.674614
-2205000.000000 3.777873
-2202500.000000 3.870595
-2200000.000000 3.864611
-2197500.000000 3.820135
-2195000.000000 3.660695
-2192500.000000 3.695798
-2190000.000000 3.612914
-2187500.000000 3.410277
-2185000.000000 3.509503
-2182500.000000 3.396371
-2180000.000000 3.432438
-2177500.000000 3.443214
-2175000.000000 3.585443
-2172500.000000 3.738085
-2170000.000000 3.776822
-2167500.000000 3.841565
-2165000.000000 3.882231
-2162500.000000 4.053127
-2160000.000000 4.139241
-2157500.000000 4.091702
-2155000.000000 4.227973
-2152500.000000 4.237798
-2150000.000000 4.197289
-2147500.000000 3.989221
-2145000.000000 3.682331
-2142500.000000 3.498372
-2140000.000000 3.361810
-2137500.000000 3.265505
-2135000.000000 3.248241
-2132500.000000 3.367844
-2130000.000000 3.322064
-2127500.000000 3.543300
-2125000.000000 3.621082
-2122500.000000 3.811875
-2120000.000000 3.629683
-2117500.000000 3.780568
-2115000.000000 3.471322
-2112500.000000 3.505757
-2110000.000000 3.556937
-2107500.000000 3.632482
-2105000.000000 3.669048
-2102500.000000 3.602897
-2100000.000000 3.558964
-2097500.000000 3.541705
-2095000.000000 3.609553
-2092500.000000 3.755777
-2090000.000000 3.819424
-2087500.000000 3.948522
-2085000.000000 3.998340
-2082500.000000 4.100621
-2080000.000000 3.964162
-2077500.000000 3.957649
-2075000.000000 4.045172
-2072500.000000 4.191690
-2070000.000000 4.268983
-2067500.000000 4.220711
-2065000.000000 4.090658
-2062500.000000 3.923002
-2060000.000000 3.728248
-2057500.000000 3.654436
-2055000.000000 3.776457
-2052500.000000 3.580828
-2050000.000000 3.656394
-2047500.000000 3.735230
-2045000.000000 3.815366
-2042500.000000 3.641527
-2040000.000000 3.621488
-2037500.000000 3.662531
-2035000.000000 3.618302
-2032500.000000 3.519089
-2030000.000000 3.421467
-2027500.000000 3.417547
-2025000.000000 3.324090
-2022500.000000 3.493066
-2020000.000000 3.563676
-2017500.000000 3.641092
-2015000.000000 3.735260
-2012500.000000 3.750117
-2010000.000000 3.742128
-2007500.000000 3.826189
-2005000.000000 3.895794
-2002500.000000 3.793686
-2000000.000000 3.981357
-1997500.000000 3.849823
-1995000.000000 3.638435
-1992500.000000 3.567372
-1990000.000000 3.374842
-1987500.000000 3.442860
-1985000.000000 3.445379
-1982500.000000 3.403492
-1980000.000000 3.283160
-1977500.000000 3.425149
-1975000.000000 3.469789
-1972500.000000 3.434218
-1970000.000000 3.595219
-1967500.000000 3.576920
-1965000.000000 3.761216
-1962500.000000 3.845844
-1960000.000000 3.758313
-1957500.000000 3.759285
-1955000.000000 3.835852
-1952500.000000 3.918108
-1950000.000000 4.002969
-1947500.000000 4.123797
-1945000.000000 4.004977
-1942500.000000 3.883518
-1940000.000000 3.544808
-1937500.000000 3.469020
-1935000.000000 3.356156
-1932500.000000 3.495310
-1930000.000000 3.465296
-1927500.000000 3.550600
-1925000.000000 3.669849
-1922500.000000 3.651008
-1920000.000000 3.717730
-1917500.000000 3.706802
-1915000.000000 3.817434
-1912500.000000 3.916969
-1910000.000000 3.875720
-1907500.000000 4.041379
-1905000.000000 4.066866
-1902500.000000 4.058095
-1900000.000000 4.073314
-1897500.000000 3.733805
-1895000.000000 3.688182
-1892500.000000 3.478821
-1890000.000000 3.500034
-1887500.000000 3.423781
-1885000.000000 3.508935
-1882500.000000 3.606743
-1880000.000000 3.747549
-1877500.000000 3.726679
-1875000.000000 3.811728
-1872500.000000 3.753498
-1870000.000000 3.869530
-1867500.000000 3.792330
-1865000.000000 3.864672
-1862500.000000 3.969190
-1860000.000000 3.701675
-1857500.000000 3.662801
-1855000.000000 3.601693
-1852500.000000 3.570350
-1850000.000000 3.597641
-1847500.000000 3.652170
-1845000.000000 3.704655
-1842500.000000 3.784891
-1840000.000000 3.753185
-1837500.000000 3.789982
-1835000.000000 3.750526
-1832500.000000 3.747764
-1830000.000000 3.459106
-1827500.000000 3.539741
-1825000.000000 3.517077
-1822500.000000 3.527481
-1820000.000000 3.656287
-1817500.000000 3.735134
-1815000.000000 3.753646
-1812500.000000 3.601905
-1810000.000000 3.470241
-1807500.000000 3.670101
-1805000.000000 3.679304
-1802500.000000 3.841931
-1800000.000000 3.973711
-1797500.000000 4.004351
-1795000.000000 4.098654
-1792500.000000 4.174713
-1790000.000000 3.986781
-1787500.000000 3.802470
-1785000.000000 3.809988
-1782500.000000 3.756770
-1780000.000000 3.616438
-1777500.000000 3.670261
-1775000.000000 3.601912
-1772500.000000 3.506841
-1770000.000000 3.457181
-1767500.000000 3.443223
-1765000.000000 3.394278
-1762500.000000 3.414336
-1760000.000000 3.620322
-1757500.000000 3.807679
-1755000.000000 3.644714
-1752500.000000 3.769275
-1750000.000000 3.899947
-1747500.000000 4.029532
-1745000.000000 3.995556
-1742500.000000 3.898356
-1740000.000000 3.782148
-1737500.000000 3.605990
-1735000.000000 3.638414
-1732500.000000 3.867432
-1730000.000000 3.751146
-1727500.000000 3.762445
-1725000.000000 3.836593
-1722500.000000 3.755032
-1720000.000000 3.627482
-1717500.000000 3.575864
-1715000.000000 3.603372
-1712500.000000 3.747404
-1710000.000000 3.872297
-1707500.000000 4.062640
-1705000.000000 4.143546
-1702500.000000 4.235173
-1700000.000000 3.994918
-1697500.000000 3.817731
-1695000.000000 3.892393
-1692500.000000 3.824489
-1690000.000000 3.762527
-1687500.000000 3.655694
-1685000.000000 3.623453
-1682500.000000 3.632208
-1680000.000000 3.633798
-1677500.000000 3.694530
-1675000.000000 3.638424
-1672500.000000 3.756767
-1670000.000000 3.933510
-1667500.000000 3.936014
-1665000.000000 4.142892
-1662500.000000 4.117048
-1660000.000000 4.155359
-1657500.000000 4.132347
-1655000.000000 4.285044
-1652500.000000 4.224317
-1650000.000000 4.263273
-1647500.000000 4.114829
-1645000.000000 3.906688
-1642500.000000 3.779492
-1640000.000000 3.845378
-1637500.000000 3.542021
-1635000.000000 3.611897
-1632500.000000 3.556386
-1630000.000000 3.596130
-1627500.000000 3.858783
-1625000.000000 3.746966
-1622500.000000 3.628803
-1620000.000000 3.668823
-1617500.000000 3.784884
-1615000.000000 3.837854
-1612500.000000 3.909190
-1610000.000000 3.710154
-1607500.000000 3.708078
-1605000.000000 3.486584
-1602500.000000 3.488344
-1600000.000000 3.556363
-1597500.000000 3.649422
-1595000.000000 3.784207
-1592500.000000 3.967800
-1590000.000000 3.752171
-1587500.000000 3.818375
-1585000.000000 3.906161
-1582500.000000 4.026217
-1580000.000000 4.115328
-1577500.000000 4.243208
-1575000.000000 4.223927
-1572500.000000 4.133313
-1570000.000000 3.843385
-1567500.000000 3.648976
-1565000.000000 3.588138
-1562500.000000 3.608090
-1560000.000000 3.771819
-1557500.000000 3.809992
-1555000.000000 3.834338
-1552500.000000 3.797150
-1550000.000000 3.712171
-1547500.000000 3.915552
-1545000.000000 4.018079
-1542500.000000 4.224215
-1540000.000000 4.378922
-1537500.000000 4.312277
-1535000.000000 4.412070
-1532500.000000 4.344572
-1530000.000000 4.098756
-1527500.000000 3.997526
-1525000.000000 3.946185
-1522500.000000 3.682161
-1520000.000000 3.608508
-1517500.000000 3.700984
-1515000.000000 3.777913
-1512500.000000 3.717528
-1510000.000000 4.005901
-1507500.000000 4.157776
-1505000.000000 4.286743
-1502500.000000 4.250009
-1500000.000000 4.246977
-1498000.000000 4.386137
-1496000.000000 4.390127
-1494000.000000 4.084956
-1492000.000000 3.461004
-1490000.000000 3.303722
-1488000.000000 3.297365
-1486000.000000 3.481589
-1484000.000000 3.471972
-1482000.000000 3.368391
-1480000.000000 3.390038
-1478000.000000 3.429337
-1476000.000000 3.421860
-1474000.000000 3.419409
-1472000.000000 3.473712
-1470000.000000 3.674188
-1468000.000000 3.789260
-1466000.000000 3.816129
-1464000.000000 4.035282
-1462000.000000 4.123436
-1460000.000000 4.348550
-1458000.000000 4.209681
-1456000.000000 4.322876
-1454000.000000 4.223436
-1452000.000000 3.437622
-1450000.000000 3.247317
-1448000.000000 3.289501
-1446000.000000 3.254880
-1444000.000000 3.309868
-1442000.000000 3.265564
-1440000.000000 3.303769
-1438000.000000 3.254554
-1436000.000000 3.276588
-1434000.000000 3.307711
-1432000.000000 3.369606
-1430000.000000 3.469419
-1428000.000000 3.609736
-1426000.000000 3.762205
-1424000.000000 3.845330
-1422000.000000 4.010476
-1420000.000000 4.015639
-1418000.000000 3.857561
-1416000.000000 4.072089
-1414000.000000 4.255996
-1412000.000000 4.210614
-1410000.000000 4.186810
-1408000.000000 4.061181
-1406000.000000 4.007411
-1404000.000000 3.799243
-1402000.000000 3.688965
-1400000.000000 3.565331
-1398000.000000 3.533188
-1396000.000000 3.486351
-1394000.000000 3.731768
-1392000.000000 3.490962
-1390000.000000 3.617442
-1388000.000000 3.559876
-1386000.000000 3.708569
-1384000.000000 3.878990
-1382000.000000 3.936448
-1380000.000000 4.023413
-1378000.000000 4.276527
-1376000.000000 4.075197
-1374000.000000 4.088586
-1372000.000000 4.154402
-1370000.000000 4.130672
-1368000.000000 4.041105
-1366000.000000 3.924447
-1364000.000000 3.841547
-1362000.000000 3.703482
-1360000.000000 3.569034
-1358000.000000 3.413597
-1356000.000000 3.298391
-1354000.000000 3.328730
-1352000.000000 3.292243
-1350000.000000 3.382539
-1348000.000000 3.480033
-1346000.000000 3.631594
-1344000.000000 3.716694
-1342000.000000 3.982025
-1340000.000000 4.082769
-1338000.000000 4.185253
-1336000.000000 4.199993
-1334000.000000 4.112638
-1332000.000000 4.100765
-1330000.000000 4.091714
-1328000.000000 4.087277
-1326000.000000 3.919118
-1324000.000000 3.885636
-1322000.000000 3.791492
-1320000.000000 3.743388
-1318000.000000 3.665210
-1316000.000000 3.459715
-1314000.000000 3.510888
-1312000.000000 3.552554
-1310000.000000 3.586713
-1308000.000000 3.681432
-1306000.000000 3.796421
-1304000.000000 3.718434
-1302000.000000 3.936395
-1300000.000000 3.944365
-1298000.000000 4.028020
-1296000.000000 4.170562
-1294000.000000 3.892562
-1292000.000000 4.177087
-1290000.000000 4.311521
-1288000.000000 4.297415
-1286000.000000 4.040395
-1284000.000000 3.891899
-1282000.000000 3.653963
-1280000.000000 3.664926
-1278000.000000 3.690981
-1276000.000000 3.599299
-1274000.000000 3.655712
-1272000.000000 3.626787
-1270000.000000 3.740215
-1268000.000000 3.809868
-1266000.000000 3.901991
-1264000.000000 3.924855
-1262000.000000 4.072782
-1260000.000000 4.002275
-1258000.000000 4.146157
-1256000.000000 4.218558
-1254000.000000 4.395718
-1252000.000000 4.276608
-1250000.000000 4.374257
-1248000.000000 4.369774
-1246000.000000 4.179921
-1244000.000000 3.621645
-1242000.000000 3.547379
-1240000.000000 3.373991
-1238000.000000 3.294189
-1236000.000000 3.321096
-1234000.000000 3.322195
-1232000.000000 3.344056
-1230000.000000 3.307237
-1228000.000000 3.412219
-1226000.000000 3.499146
-1224000.000000 3.707234
-1222000.000000 3.800524
-1220000.000000 4.049875
-1218000.000000 3.777447
-1216000.000000 4.039509
-1214000.000000 4.172070
-1212000.000000 3.991647
-1210000.000000 4.310521
-1208000.000000 4.436123
-1206000.000000 4.228725
-1204000.000000 4.455534
-1202000.000000 4.336979
-1200000.000000 4.578456
-1198000.000000 4.419815
-1196000.000000 4.399302
-1194000.000000 4.239128
-1192000.000000 4.090331
-1190000.000000 3.780875
-1188000.000000 3.644128
-1186000.000000 3.758768
-1184000.000000 3.701011
-1182000.000000 3.634038
-1180000.000000 3.632049
-1178000.000000 3.605326
-1176000.000000 3.667871
-1174000.000000 3.695630
-1172000.000000 3.659411
-1170000.000000 3.576610
-1168000.000000 3.468518
-1166000.000000 3.494383
-1164000.000000 3.536161
-1162000.000000 3.481126
-1160000.000000 3.597709
-1158000.000000 3.552274
-1156000.000000 3.611705
-1154000.000000 3.595021
-1152000.000000 3.653273
-1150000.000000 3.695704
-1148000.000000 3.874235
-1146000.000000 3.778532
-1144000.000000 3.910112
-1142000.000000 3.847739
-1140000.000000 3.925574
-1138000.000000 3.929653
-1136000.000000 4.168558
-1134000.000000 3.945009
-1132000.000000 4.079493
-1130000.000000 4.270888
-1128000.000000 4.421904
-1126000.000000 4.477722
-1124000.000000 4.379080
-1122000.000000 4.474594
-1120000.000000 4.196395
-1118000.000000 4.127781
-1116000.000000 4.059085
-1114000.000000 3.889467
-1112000.000000 3.710491
-1110000.000000 3.649652
-1108000.000000 3.656810
-1106000.000000 3.810028
-1104000.000000 4.054654
-1102000.000000 4.137949
-1100000.000000 4.296358
-1098000.000000 4.121337
-1096000.000000 4.027464
-1094000.000000 3.953252
-1092000.000000 3.900542
-1090000.000000 3.836503
-1088000.000000 3.818858
-1086000.000000 3.737868
-1084000.000000 3.683953
-1082000.000000 3.654677
-1080000.000000 3.566284
-1078000.000000 3.518152
-1076000.000000 3.558870
-1074000.000000 3.322267
-1072000.000000 3.288806
-1070000.000000 3.304102
-1068000.000000 3.255496
-1066000.000000 3.328141
-1064000.000000 3.462995
-1062000.000000 3.741949
-1060000.000000 3.872680
-1058000.000000 4.110823
-1056000.000000 4.074861
-1054000.000000 4.186404
-1052000.000000 4.192393
-1050000.000000 4.271074
-1048000.000000 4.292869
-1046000.000000 4.341536
-1044000.000000 4.405534
-1042000.000000 4.308629
-1040000.000000 4.295616
-1038000.000000 4.427183
-1036000.000000 4.333109
-1034000.000000 4.263498
-1032000.000000 4.011196
-1030000.000000 3.791322
-1028000.000000 3.712706
-1026000.000000 3.803310
-1024000.000000 3.673795
-1022000.000000 3.641893
-1020000.000000 3.728313
-1018000.000000 3.865863
-1016000.000000 3.739305
-1014000.000000 3.890500
-1012000.000000 4.044808
-1010000.000000 4.082346
-1008000.000000 4.162532
-1006000.000000 4.254564
-1004000.000000 4.350570
-1002000.000000 4.133423
-1000000.000000 3.859606
-998000.000000 3.779853
-996000.000000 3.795849
-994000.000000 3.801322
-992000.000000 3.918528
-990000.000000 3.994985
-988000.000000 4.085267
-986000.000000 4.224226
-984000.000000 4.104056
-982000.000000 3.991516
-980000.000000 3.769110
-978000.000000 3.672016
-976000.000000 3.802984
-974000.000000 3.908628
-972000.000000 3.880409
-970000.000000 4.141130
-968000.000000 4.234972
-966000.000000 4.320251
-964000.000000 4.507443
-962000.000000 4.274815
-960000.000000 4.040556
-958000.000000 3.437631
-956000.000000 3.286702
-954000.000000 3.358826
-952000.000000 3.283306
-950000.000000 3.353705
-948000.000000 3.380361
-946000.000000 3.510600
-944000.000000 3.445303
-942000.000000 3.581744
-940000.000000 3.689018
-938000.000000 3.698440
-936000.000000 3.844694
-934000.000000 3.896280
-932000.000000 3.975874
-930000.000000 4.005704
-928000.000000 4.090173
-926000.000000 4.207573
-924000.000000 4.330667
-922000.000000 4.468676
-920000.000000 4.583565
-918000.000000 4.450672
-916000.000000 4.040433
-914000.000000 4.077909
-912000.000000 4.081830
-910000.000000 4.050213
-908000.000000 3.989037
-906000.000000 4.053072
-904000.000000 4.079684
-902000.000000 4.108823
-900000.000000 4.103812
-898000.000000 4.146890
-896000.000000 4.297381
-894000.000000 4.390160
-892000.000000 4.334858
-890000.000000 4.454006
-888000.000000 4.433020
-886000.000000 4.461515
-884000.000000 4.520796
-882000.000000 4.317062
-880000.000000 4.542855
-878000.000000 4.640079
-876000.000000 4.703295
-874000.000000 4.654194
-872000.000000 4.722506
-870000.000000 4.536522
-868000.000000 4.185405
-866000.000000 3.734249
-864000.000000 3.483127
-862000.000000 3.571696
-860000.000000 3.403046
-858000.000000 3.502976
-856000.000000 3.587704
-854000.000000 3.775669
-852000.000000 3.764845
-850000.000000 3.444439
-848000.000000 3.506577
-846000.000000 3.638445
-844000.000000 3.715772
-842000.000000 3.806813
-840000.000000 3.791204
-838000.000000 3.946584
-836000.000000 3.740964
-834000.000000 3.817585
-832000.000000 4.000107
-830000.000000 3.942569
-828000.000000 3.951680
-826000.000000 4.074470
-824000.000000 3.749307
-822000.000000 3.730948
-820000.000000 3.837287
-818000.000000 3.852312
-816000.000000 4.058159
-814000.000000 3.929587
-812000.000000 4.200673
-810000.000000 4.288523
-808000.000000 4.395073
-806000.000000 4.450439
-804000.000000 4.551422
-802000.000000 4.575738
-800000.000000 4.676306
-798000.000000 4.715793
-796000.000000 4.482464
-794000.000000 4.421879
-792000.000000 4.141744
-790000.000000 3.947393
-788000.000000 3.611739
-786000.000000 3.626723
-784000.000000 3.438864
-782000.000000 3.584308
-780000.000000 3.550684
-778000.000000 3.763864
-776000.000000 3.636347
-774000.000000 3.701863
-772000.000000 3.705789
-770000.000000 3.890714
-768000.000000 3.964542
-766000.000000 4.052773
-764000.000000 3.958988
-762000.000000 4.112232
-760000.000000 4.229829
-758000.000000 4.222563
-756000.000000 4.300643
-754000.000000 4.473222
-752000.000000 4.378838
-750000.000000 4.510788
-748000.000000 4.582929
-746000.000000 4.597176
-744000.000000 4.361302
-742000.000000 4.218149
-740000.000000 4.175430
-738000.000000 4.234228
-736000.000000 4.163348
-734000.000000 4.084130
-732000.000000 4.003343
-730000.000000 4.101580
-728000.000000 4.189279
-726000.000000 4.349932
-724000.000000 4.463399
-722000.000000 4.626955
-720000.000000 4.644505
-718000.000000 4.610171
-716000.000000 4.354365
-714000.000000 4.169652
-712000.000000 4.059356
-710000.000000 3.985666
-708000.000000 3.981860
-706000.000000 3.837470
-704000.000000 3.870395
-702000.000000 3.804769
-700000.000000 3.822754
-698000.000000 3.606459
-696000.000000 3.625608
-694000.000000 3.717563
-692000.000000 3.673839
-690000.000000 3.772349
-688000.000000 3.898132
-686000.000000 4.108462
-684000.000000 4.066927
-682000.000000 4.232227
-680000.000000 4.032060
-678000.000000 4.163130
-676000.000000 4.379044
-674000.000000 4.381164
-672000.000000 4.449656
-670000.000000 4.461932
-668000.000000 4.494768
-666000.000000 4.518827
-664000.000000 4.532879
-662000.000000 4.546997
-660000.000000 4.603597
-658000.000000 4.612537
-656000.000000 4.369287
-654000.000000 4.654910
-652000.000000 4.620454
-650000.000000 4.679628
-648000.000000 4.702823
-646000.000000 4.676408
-644000.000000 4.757887
-642000.000000 4.768383
-640000.000000 4.919698
-638000.000000 4.801395
-636000.000000 4.953244
-634000.000000 4.838803
-632000.000000 4.982327
-630000.000000 5.140688
-628000.000000 5.105348
-626000.000000 4.857415
-624000.000000 4.853756
-622000.000000 4.319902
-620000.000000 3.850847
-618000.000000 3.615246
-616000.000000 3.637000
-614000.000000 3.549456
-612000.000000 3.456641
-610000.000000 3.635795
-608000.000000 3.780525
-606000.000000 3.821590
-604000.000000 3.967728
-602000.000000 4.262377
-600000.000000 3.714796
-599000.000000 4.075729
-598000.000000 3.928091
-597000.000000 3.876934
-596000.000000 3.917556
-595000.000000 3.985252
-594000.000000 4.038323
-593000.000000 4.162483
-592000.000000 4.062618
-591000.000000 3.964971
-590000.000000 4.145657
-589000.000000 4.133825
-588000.000000 4.139206
-587000.000000 4.233487
-586000.000000 4.156344
-585000.000000 4.299667
-584000.000000 4.178467
-583000.000000 4.348411
-582000.000000 4.117742
-581000.000000 3.732169
-580000.000000 3.490355
-579000.000000 3.577291
-578000.000000 3.429648
-577000.000000 3.390517
-576000.000000 3.467217
-575000.000000 3.443410
-574000.000000 3.667484
-573000.000000 3.638746
-572000.000000 3.677075
-571000.000000 3.799876
-570000.000000 3.915520
-569000.000000 4.039807
-568000.000000 3.968376
-567000.000000 3.870804
-566000.000000 3.784690
-565000.000000 3.961997
-564000.000000 3.978090
-563000.000000 4.052995
-562000.000000 4.098029
-561000.000000 4.178383
-560000.000000 4.154386
-559000.000000 4.254116
-558000.000000 4.282955
-557000.000000 4.365890
-556000.000000 4.366846
-555000.000000 4.408349
-554000.000000 4.410780
-553000.000000 4.434693
-552000.000000 4.517904
-551000.000000 4.490306
-550000.000000 4.571510
-549000.000000 4.564850
-548000.000000 4.632924
-547000.000000 4.606583
-546000.000000 4.622281
-545000.000000 4.537300
-544000.000000 4.545786
-543000.000000 4.459674
-542000.000000 4.493239
-541000.000000 4.683619
-540000.000000 4.560515
-539000.000000 4.480802
-538000.000000 4.410416
-537000.000000 4.441856
-536000.000000 4.320196
-535000.000000 4.133980
-534000.000000 4.043245
-533000.000000 4.112270
-532000.000000 4.026624
-531000.000000 4.093729
-530000.000000 4.032525
-529000.000000 3.972234
-528000.000000 3.870621
-527000.000000 3.947297
-526000.000000 3.843662
-525000.000000 3.986903
-524000.000000 3.878058
-523000.000000 3.866840
-522000.000000 3.956012
-521000.000000 3.987790
-520000.000000 3.956003
-519000.000000 4.116730
-518000.000000 4.039660
-517000.000000 4.076109
-516000.000000 4.110559
-515000.000000 4.185422
-514000.000000 4.121070
-513000.000000 4.186125
-512000.000000 4.192910
-511000.000000 4.188305
-510000.000000 4.181779
-509000.000000 4.070675
-508000.000000 4.069282
-507000.000000 4.005341
-506000.000000 3.998442
-505000.000000 3.923747
-504000.000000 3.888522
-503000.000000 3.906828
-502000.000000 3.800658
-501000.000000 3.754251
-500000.000000 3.807182
-499000.000000 3.805947
-498000.000000 3.800877
-497000.000000 3.742177
-496000.000000 3.768969
-495000.000000 3.769281
-494000.000000 3.849116
-493000.000000 3.670622
-492000.000000 3.657689
-491000.000000 3.662847
-490000.000000 3.607915
-489000.000000 3.647875
-488000.000000 3.707197
-487000.000000 3.744661
-486000.000000 3.714031
-485000.000000 3.776170
-484000.000000 3.835567
-483000.000000 3.843449
-482000.000000 3.865189
-481000.000000 3.994098
-480000.000000 3.987887
-479000.000000 3.978278
-478000.000000 4.075847
-477000.000000 4.110495
-476000.000000 4.082269
-475000.000000 4.283047
-474000.000000 4.339261
-473000.000000 4.302747
-472000.000000 4.156564
-471000.000000 4.235224
-470000.000000 4.256119
-469000.000000 4.273433
-468000.000000 4.342854
-467000.000000 4.366106
-466000.000000 4.354502
-465000.000000 4.468670
-464000.000000 4.431680
-463000.000000 4.518666
-462000.000000 4.475358
-461000.000000 4.508424
-460000.000000 4.437584
-459000.000000 4.533225
-458000.000000 4.351553
-457000.000000 4.558937
-456000.000000 4.576142
-455000.000000 4.366336
-454000.000000 4.591989
-453000.000000 4.537529
-452000.000000 4.617659
-451000.000000 4.687470
-450000.000000 4.443028
-449000.000000 4.777606
-448000.000000 4.748348
-447000.000000 4.590602
-446000.000000 4.809481
-445000.000000 4.832896
-444000.000000 4.746898
-443000.000000 4.888945
-442000.000000 4.890982
-441000.000000 4.903482
-440000.000000 4.672188
-439000.000000 4.976380
-438000.000000 4.920538
-437000.000000 4.671534
-436000.000000 5.018437
-435000.000000 5.028969
-434000.000000 5.093022
-433000.000000 5.091180
-432000.000000 4.968165
-431000.000000 5.078112
-430000.000000 4.677814
-429000.000000 4.824402
-428000.000000 4.520862
-427000.000000 4.112198
-426000.000000 4.066878
-425000.000000 4.123302
-424000.000000 3.848632
-423000.000000 3.847895
-422000.000000 3.908662
-421000.000000 3.784678
-420000.000000 3.723618
-419000.000000 3.672753
-418000.000000 3.595855
-417000.000000 3.539947
-416000.000000 3.442743
-415000.000000 3.401902
-414000.000000 3.458729
-413000.000000 3.318030
-412000.000000 3.313394
-411000.000000 3.285607
-410000.000000 3.198912
-409000.000000 3.165263
-408000.000000 3.194788
-407000.000000 3.374812
-406000.000000 3.146007
-405000.000000 3.149461
-404000.000000 3.171325
-403000.000000 3.196118
-402000.000000 3.183146
-401000.000000 3.329098
-400000.000000 3.349157
-399000.000000 3.485453
-398000.000000 3.492322
-397000.000000 3.527498
-396000.000000 3.654538
-395000.000000 3.671513
-394000.000000 3.883679
-393000.000000 3.772532
-392000.000000 3.889347
-391000.000000 3.899570
-390000.000000 3.860997
-389000.000000 3.861276
-388000.000000 3.932817
-387000.000000 4.034726
-386000.000000 4.034581
-385000.000000 4.106799
-384000.000000 4.029488
-383000.000000 4.077739
-382000.000000 4.130860
-381000.000000 4.152693
-380000.000000 4.161795
-379000.000000 4.140849
-378000.000000 4.162549
-377000.000000 4.180536
-376000.000000 4.187008
-375000.000000 4.207133
-374000.000000 4.240471
-373000.000000 4.193052
-372000.000000 4.266493
-371000.000000 4.262906
-370000.000000 4.321199
-369000.000000 4.354015
-368000.000000 4.391165
-367000.000000 4.389504
-366000.000000 4.262759
-365000.000000 4.454379
-364000.000000 4.297448
-363000.000000 4.513897
-362000.000000 4.443621
-361000.000000 4.317314
-360000.000000 4.481678
-359000.000000 4.226020
-358000.000000 4.495343
-357000.000000 4.499734
-356000.000000 4.497911
-355000.000000 4.524757
-354000.000000 4.318997
-353000.000000 4.579260
-352000.000000 4.445522
-351000.000000 4.627401
-350000.000000 4.570308
-349000.000000 4.646945
-348000.000000 4.441291
-347000.000000 4.662386
-346000.000000 4.733112
-345000.000000 4.761134
-344000.000000 4.589531
-343000.000000 4.821401
-342000.000000 4.718724
-341000.000000 4.826279
-340000.000000 4.508877
-339000.000000 4.577816
-338000.000000 4.336379
-337000.000000 4.372018
-336000.000000 4.095634
-335000.000000 3.878254
-334000.000000 3.616080
-333000.000000 3.489789
-332000.000000 3.611305
-331000.000000 3.258549
-330000.000000 3.394082
-329000.000000 3.154453
-328000.000000 3.374670
-327000.000000 3.170931
-326000.000000 3.221182
-325000.000000 3.353029
-324000.000000 3.292716
-323000.000000 3.368443
-322000.000000 3.449889
-321000.000000 3.531335
-320000.000000 3.755674
-319000.000000 3.590538
-318000.000000 3.631404
-317000.000000 3.696439
-316000.000000 3.694157
-315000.000000 3.598088
-314000.000000 3.676721
-313000.000000 3.648709
-312000.000000 3.758119
-311000.000000 3.780951
-310000.000000 3.859875
-309000.000000 3.989193
-308000.000000 3.964214
-307000.000000 3.991397
-306000.000000 3.966509
-305000.000000 3.924397
-304000.000000 3.959648
-303000.000000 3.998128
-302000.000000 4.039526
-301000.000000 4.122795
-300000.000000 4.198778
-299000.000000 4.229397
-298000.000000 4.243885
-297000.000000 4.343572
-296000.000000 4.260527
-295000.000000 4.349608
-294000.000000 4.288148
-293000.000000 4.204016
-292000.000000 4.221189
-291000.000000 4.126283
-290000.000000 4.009853
-289000.000000 3.915473
-288000.000000 3.836786
-287000.000000 3.819752
-286000.000000 3.784345
-285000.000000 3.814499
-284000.000000 3.836874
-283000.000000 3.917464
-282000.000000 4.063354
-281000.000000 4.094006
-280000.000000 4.257036
-279000.000000 4.331030
-278000.000000 4.276135
-277000.000000 4.319204
-276000.000000 4.295496
-275000.000000 4.407663
-274000.000000 4.463152
-273000.000000 4.509547
-272000.000000 4.415860
-271000.000000 4.526823
-270000.000000 4.571299
-269000.000000 4.489429
-268000.000000 4.428714
-267000.000000 4.525189
-266000.000000 4.484242
-265000.000000 4.410378
-264000.000000 4.386207
-263000.000000 4.417862
-262000.000000 4.404711
-261000.000000 4.410115
-260000.000000 4.418412
-259000.000000 4.478307
-258000.000000 4.420738
-257000.000000 4.475368
-256000.000000 4.487907
-255000.000000 4.409378
-254000.000000 4.555075
-253000.000000 4.551996
-252000.000000 4.614225
-251000.000000 4.630526
-250000.000000 4.605555
-249000.000000 4.525824
-248000.000000 4.455726
-247000.000000 4.229313
-246000.000000 4.347068
-245000.000000 4.243323
-244000.000000 4.041344
-243000.000000 3.845826
-242000.000000 3.639556
-241000.000000 3.704897
-240000.000000 3.368553
-239000.000000 3.413555
-238000.000000 3.520327
-237000.000000 3.484490
-236000.000000 3.725467
-235000.000000 3.684984
-234000.000000 3.873650
-233000.000000 3.944279
-232000.000000 4.033614
-231000.000000 4.129662
-230000.000000 4.168175
-229000.000000 4.099244
-228000.000000 4.263130
-227000.000000 4.247709
-226000.000000 4.344686
-225000.000000 4.292264
-224000.000000 4.428672
-223000.000000 4.410207
-222000.000000 4.306836
-221000.000000 4.165900
-220000.000000 4.053066
-219000.000000 4.055386
-218000.000000 3.756239
-217000.000000 3.550998
-216000.000000 3.530046
-215000.000000 3.578685
-214000.000000 3.483753
-213000.000000 3.600669
-212000.000000 3.668835
-211000.000000 3.544763
-210000.000000 3.638486
-209000.000000 3.767282
-208000.000000 3.706977
-207000.000000 3.820418
-206000.000000 3.724403
-205000.000000 3.779903
-204000.000000 3.724414
-203000.000000 3.709519
-202000.000000 3.530252
-201000.000000 3.516627
-200000.000000 3.753437
-199000.000000 3.597902
-198000.000000 3.762741
-197000.000000 3.771203
-196000.000000 3.888129
-195000.000000 3.991291
-194000.000000 4.010864
-193000.000000 4.066661
-192000.000000 4.108170
-191000.000000 4.168933
-190000.000000 4.158426
-189000.000000 4.269316
-188000.000000 4.352046
-187000.000000 4.472970
-186000.000000 4.491539
-185000.000000 4.489226
-184000.000000 4.446098
-183000.000000 4.414339
-182000.000000 4.421018
-181000.000000 4.424163
-180000.000000 4.412475
-179000.000000 4.272336
-178000.000000 4.315750
-177000.000000 4.381704
-176000.000000 4.318692
-175000.000000 4.339482
-174000.000000 4.376474
-173000.000000 4.423661
-172000.000000 4.469667
-171000.000000 4.450077
-170000.000000 4.420511
-169000.000000 4.503482
-168000.000000 4.542656
-167000.000000 4.494336
-166000.000000 4.525655
-165000.000000 4.601855
-164000.000000 4.647878
-163000.000000 4.656379
-162000.000000 4.644309
-161000.000000 4.698204
-160000.000000 4.677498
-159000.000000 4.666797
-158000.000000 4.680612
-157000.000000 4.656215
-156000.000000 4.649368
-155000.000000 4.556066
-154000.000000 4.611786
-153000.000000 4.566512
-152000.000000 4.599034
-151000.000000 4.607442
-150000.000000 4.611577
-149000.000000 4.566202
-148000.000000 4.616682
-147000.000000 4.650518
-146000.000000 4.689031
-145000.000000 4.659045
-144000.000000 4.732614
-143000.000000 4.780223
-142000.000000 4.760923
-141000.000000 4.852959
-140000.000000 4.912594
-139000.000000 4.808787
-138000.000000 4.889437
-137000.000000 4.854869
-136000.000000 4.707337
-135000.000000 4.820511
-134000.000000 4.611016
-133000.000000 4.384949
-132000.000000 4.297320
-131000.000000 4.025272
-130000.000000 3.840005
-129000.000000 3.983791
-128000.000000 3.573529
-127000.000000 3.379164
-126000.000000 3.131287
-125000.000000 3.063713
-124000.000000 3.317248
-123000.000000 3.097102
-122000.000000 3.147066
-121000.000000 3.441082
-120000.000000 3.349319
-119000.000000 3.359354
-118000.000000 3.597726
-117000.000000 3.622859
-116000.000000 3.748965
-115000.000000 3.883664
-114000.000000 3.952640
-113000.000000 3.987906
-112000.000000 4.040804
-111000.000000 4.038098
-110000.000000 3.994967
-109000.000000 3.987566
-108000.000000 3.969671
-107000.000000 3.926694
-106000.000000 3.915972
-105000.000000 3.854875
-104000.000000 3.856979
-103000.000000 3.870222
-102000.000000 3.933553
-101000.000000 3.862712
-100000.000000 3.809182
-99000.000000 3.812263
-98000.000000 3.794398
-97000.000000 3.885096
-96000.000000 3.949819
-95000.000000 3.976710
-94000.000000 4.013737
-93000.000000 4.109764
-92000.000000 4.127386
-91000.000000 4.153338
-90000.000000 4.216631
-89000.000000 4.156110
-88000.000000 4.090216
-87000.000000 3.972029
-86000.000000 3.945493
-85000.000000 3.975197
-84000.000000 3.940668
-83000.000000 3.953071
-82000.000000 3.974712
-81000.000000 4.010893
-80000.000000 4.065986
-79000.000000 4.101234
-78000.000000 4.175522
-77000.000000 4.234784
-76000.000000 4.243950
-75000.000000 4.279544
-74000.000000 4.319147
-73000.000000 4.411620
-72000.000000 4.468801
-71000.000000 4.420990
-70000.000000 4.521382
-69000.000000 4.553033
-68000.000000 4.537116
-67000.000000 4.526545
-66000.000000 4.523772
-65000.000000 4.375833
-64000.000000 4.371467
-63000.000000 4.419108
-62000.000000 4.394027
-61000.000000 4.346649
-60000.000000 4.335280
-59000.000000 4.341965
-58000.000000 4.325668
-57000.000000 4.305356
-56000.000000 4.316886
-55000.000000 4.357736
-54000.000000 4.402827
-53000.000000 4.440641
-52000.000000 4.451763
-51000.000000 4.464703
-50000.000000 4.389382
-49000.000000 4.443064
-48000.000000 4.471555
-47000.000000 4.465484
-46000.000000 4.470761
-45000.000000 4.522343
-44000.000000 4.530874
-43000.000000 4.533247
-42000.000000 4.498806
-41000.000000 4.446402
-40000.000000 4.540515
-39000.000000 4.549056
-38000.000000 4.482477
-37000.000000 4.554120
-36000.000000 4.625822
-35000.000000 4.635252
-34000.000000 4.691378
-33000.000000 4.696631
-32000.000000 4.677924
-31000.000000 4.698808
-30000.000000 4.732701
-29000.000000 4.754206
-28000.000000 4.789026
-27000.000000 4.826512
-26000.000000 4.573956
-25000.000000 4.871522
-24000.000000 4.875675
-23000.000000 4.890045
-22000.000000 4.939042
-21000.000000 4.906206
-20000.000000 4.885750
-19000.000000 4.873124
-18000.000000 4.719668
-17000.000000 4.620380
-16000.000000 4.405428
-15000.000000 4.154050
-14000.000000 4.139092
-13000.000000 3.997032
-12000.000000 3.924816
-11000.000000 3.723422
-10000.000000 3.578390
-9000.000000 3.462150
-8000.000000 3.379788
-7000.000000 3.307479
-6000.000000 3.386693
-5000.000000 3.267018
-4000.000000 3.225709
-3000.000000 3.268977
-2000.000000 3.222874
-1000.000000 3.222522
-0.000000 3.219137
