O: Miller et al./Naish et al. chronology (ky)
P: Miller et al./Naish et al. mean SL from sequence-stratigraphy-based amplitude scaling of the Lisiecki and Raymo (2005) benthic O-isotope stack (m; 20 m added for absolute value match)
Q: Miller et al./Naish et al. minimum SL from sequence-stratigraphy-based amplitude scaling of the Lisiecki and Raymo (2005) benthic O-isotope stack (m; 20 m added for absolute value match)
R: Miller et al./Naish et al. maximum SL from sequence-stratigraphy-based amplitude scaling of the Lisiecki and Raymo (2005) benthic O-isotope stack (m; 20 m added for absolute value match)

t Miller/Naish	SL+20	minSL+20	plusSL+20
2297.5	13.45454545	3.454545455	23.45454545
2300	12.72727273	2.727272727	22.72727273
2302.5	6.909090909	-3.090909091	16.90909091
2305	7.636363636	-2.363636364	17.63636364
2307.5	1.818181818	-8.181818182	11.81818182
2310	-11.27272727	-21.27272727	-1.272727273
2312.5	-17.81818182	-27.81818182	-7.818181818
2315	-20.72727273	-30.72727273	-10.72727273
2317.5	-21.45454545	-31.45454545	-11.45454545
2320	-22.18181818	-32.18181818	-12.18181818
2322.5	-10.54545455	-20.54545455	-0.545454545
2325	-4.727272727	-14.72727273	5.272727273
2327.5	-13.45454545	-23.45454545	-3.454545455
2330	-13.45454545	-23.45454545	-3.454545455
2332.5	-4.727272727	-14.72727273	5.272727273
2335	4.727272727	-5.272727273	14.72727273
2337.5	12	2	22
2340	18.54545455	8.545454545	28.54545455
2342.5	9.090909091	-0.909090909	19.09090909
2345	6.181818182	-3.818181818	16.18181818
2347.5	14.90909091	4.909090909	24.90909091
2350	-9.090909091	-19.09090909	0.909090909
2352.5	-19.27272727	-29.27272727	-9.272727273
2355	-25.09090909	-35.09090909	-15.09090909
2357.5	-36.72727273	-46.72727273	-26.72727273
2360	-33.81818182	-43.81818182	-23.81818182
2362.5	-22.18181818	-32.18181818	-12.18181818
2365	-30.18181818	-40.18181818	-20.18181818
2367.5	-12.72727273	-22.72727273	-2.727272727
2370	-19.27272727	-29.27272727	-9.272727273
2372.5	-12.72727273	-22.72727273	-2.727272727
2375	4.727272727	-5.272727273	14.72727273
2377.5	5.454545455	-4.545454545	15.45454545
2380	6.181818182	-3.818181818	16.18181818
2382.5	15.63636364	5.636363636	25.63636364
2385	9.090909091	-0.909090909	19.09090909
2387.5	-1.818181818	-11.81818182	8.181818182
2390	-6.181818182	-16.18181818	3.818181818
2392.5	-10.54545455	-20.54545455	-0.545454545
2395	3.272727273	-6.727272727	13.27272727
2397.5	-0.363636364	-10.36363636	9.636363636
2400	-1.818181818	-11.81818182	8.181818182
2402.5	-15.63636364	-25.63636364	-5.636363636
2405	-17.09090909	-27.09090909	-7.090909091
2407.5	3.272727273	-6.727272727	13.27272727
2410	10.4	0.4	20.4
2412.5	6.181818182	-3.818181818	16.18181818
2415	6.181818182	-3.818181818	16.18181818
2417.5	9.090909091	-0.909090909	19.09090909
2420	7.636363636	-2.363636364	17.63636364
2422.5	-5.454545455	-15.45454545	4.545454545
2425	-2.545454545	-12.54545455	7.454545455
2427.5	-14.90909091	-24.90909091	-4.909090909
2430	-34.54545455	-44.54545455	-24.54545455
2432.5	-52	-62	-42
2435	-46.18181818	-56.18181818	-36.18181818
2437.5	-49.81818182	-59.81818182	-39.81818182
2440	-40.36363636	-50.36363636	-30.36363636
2442.5	-39.63636364	-49.63636364	-29.63636364
2445	-36	-46	-26
2447.5	-33.09090909	-43.09090909	-23.09090909
2450	-20	-30	-10
2452.5	-17.09090909	-27.09090909	-7.090909091
2455	0.363636364	-9.636363636	10.36363636
2457.5	4.727272727	-5.272727273	14.72727273
2460	4.727272727	-5.272727273	14.72727273
2462.5	16	6	26
2465	15.40740741	5.407407407	25.40740741
2467.5	10.96296296	0.962962963	20.96296296
2470	10.22222222	0.222222222	20.22222222
2472.5	2.074074074	-7.925925926	12.07407407
2475	-8.296296296	-18.2962963	1.703703704
2477.5	-17.92592593	-27.92592593	-7.925925926
2480	-17.92592593	-27.92592593	-7.925925926
2482.5	-37.18518519	-47.18518519	-27.18518519
2485	-39.40740741	-49.40740741	-29.40740741
2487.5	-52	-62	-42
2490	-27.55555556	-37.55555556	-17.55555556
2492.5	-14.22222222	-24.22222222	-4.222222222
2495	-12	-22	-2
2497.5	2.074074074	-7.925925926	12.07407407
2500	20	10	30
2502.5	7.428571429	-2.571428571	17.42857143
2505	-2.476190476	-12.47619048	7.523809524
2507.5	2.095238095	-7.904761905	12.0952381
2510	-15.42857143	-25.42857143	-5.428571429
2512.5	-23.80952381	-33.80952381	-13.80952381
2515	-33.71428571	-43.71428571	-23.71428571
2517.5	-51.23809524	-61.23809524	-41.23809524
2520	-52	-62	-42
2522.5	-46.90909091	-56.90909091	-36.90909091
2525	-52	-62	-42
2527.5	-44.72727273	-54.72727273	-34.72727273
2530	-34.54545455	-44.54545455	-24.54545455
2532.5	-37.45454545	-47.45454545	-27.45454545
2535	-22.90909091	-32.90909091	-12.90909091
2537.5	-23.63636364	-33.63636364	-13.63636364
2540	-15.63636364	-25.63636364	-5.636363636
2542.5	4.727272727	-5.272727273	14.72727273
2545	10.54545455	0.545454545	20.54545455
2547.5	16.8	6.8	26.8
2550	14.61818182	4.618181818	24.61818182
2552.5	9.527272727	-0.472727273	19.52727273
2555	-1.381818182	-11.38181818	8.618181818
2557.5	1.527272727	-8.472727273	11.52727273
2560	2.981818182	-7.018181818	12.98181818
2562.5	2.254545455	-7.745454545	12.25454545
2565	-15	-25	-5
2567.5	-15.90909091	-25.90909091	-5.909090909
2570	-10.45454545	-20.45454545	-0.454545455
2572.5	-10.45454545	-20.45454545	-0.454545455
2575	-5	-15	5
2577.5	3.181818182	-6.818181818	13.18181818
2580	11.36363636	1.363636364	21.36363636
2582.5	8.636363636	-1.363636364	18.63636364
2585	22	12	32
2587.5	7	-3	17
2590	-7.545454545	-17.54545455	2.454545455
2592.5	-9.363636364	-19.36363636	0.636363636
2595	-11.18181818	-21.18181818	-1.181818182
2597.5	-15	-25	-5
2600	5	-5	15
2602.5	5.952380952	-4.047619048	15.95238095
2605	7.142857143	-2.857142857	17.14285714
2607.5	6.19047619	-3.80952381	16.19047619
2610	10.47619048	0.476190476	20.47619048
2612.5	11.19047619	1.19047619	21.19047619
2615	15.95238095	5.952380952	25.95238095
2617.5	15.71428571	5.714285714	25.71428571
2620	20	10	30
2622.5	20.71428571	10.71428571	30.71428571
2625	19.04761905	9.047619048	29.04761905
2627.5	20	10	30
2630	21.03448276	11.03448276	31.03448276
2632.5	13.79310345	3.793103448	23.79310345
2635	13.44827586	3.448275862	23.44827586
2637.5	12.4137931	2.413793103	22.4137931
2640	12.75862069	2.75862069	22.75862069
2642.5	4.137931034	-5.862068966	14.13793103
2645	0	-10	10
2647.5	3.846153846	-6.153846154	13.84615385
2650	8.461538462	-1.538461538	18.46153846
2652.5	8.461538462	-1.538461538	18.46153846
2655	12.56410256	2.564102564	22.56410256
2657.5	22.94871795	12.94871795	32.94871795
2660	15.64102564	5.641025641	25.64102564
2662.5	35	25	45
2665	27.85714286	17.85714286	37.85714286
2667.5	28.21428571	18.21428571	38.21428571
2670	30	20	40
2672.5	34.64285714	24.64285714	44.64285714
2675	28.92857143	18.92857143	38.92857143
2677.5	23.92857143	13.92857143	33.92857143
2680	23.57142857	13.57142857	33.57142857
2682.5	17.5	7.5	27.5
2685	12.5	2.5	22.5
2687.5	10	0	20
2690	15	5	25
2692.5	17.85714286	7.857142857	27.85714286
2695	15	5	25
2697.5	20	10	30
2700	15	5	25
2702.5	19.64285714	9.642857143	29.64285714
2705	8.571428571	-1.428571429	18.57142857
2707.5	9.642857143	-0.357142857	19.64285714
2710	11.78571429	1.785714286	21.78571429
2712.5	9.642857143	-0.357142857	19.64285714
2715	35	25	45
2717.5	8.214285714	-1.785714286	18.21428571
2720	8.214285714	-1.785714286	18.21428571
2722.5	9.285714286	-0.714285714	19.28571429
2725	13.21428571	3.214285714	23.21428571
2727.5	15	5	25
2730	20	10	30
2732.5	22.85714286	12.85714286	32.85714286
2735	27.14285714	17.14285714	37.14285714
2737.5	32.5	22.5	42.5
2740	30.35714286	20.35714286	40.35714286
2742.5	35	25	45
2745	31.42857143	21.42857143	41.42857143
2747.5	33.57142857	23.57142857	43.57142857
2750	32.14285714	22.14285714	42.14285714
2752.5	29.28571429	19.28571429	39.28571429
2755	30	20	40
2757.5	31.07142857	21.07142857	41.07142857
2760	27	17	37
2762.5	28.21428571	18.21428571	38.21428571
2765	28.21428571	18.21428571	38.21428571
2767.5	31.42857143	21.42857143	41.42857143
2770	32.14285714	22.14285714	42.14285714
2772.5	26.78571429	16.78571429	36.78571429
2775	25.71428571	15.71428571	35.71428571
2777.5	28.57142857	18.57142857	38.57142857
2780	30.35714286	20.35714286	40.35714286
2782.5	30	20	40
2785	30	20	40
2787.5	28.21428571	18.21428571	38.21428571
2790	29.28571429	19.28571429	39.28571429
2792.5	27.5	17.5	37.5
2795	22.14285714	12.14285714	32.14285714
2797.5	22.5	12.5	32.5
2800	18.92857143	8.928571429	28.92857143
2802.5	10.35714286	0.357142857	20.35714286
2805	10	0	20
2807.5	10.71428571	0.714285714	20.71428571
2810	13.57142857	3.571428571	23.57142857
2812.5	13.21428571	3.214285714	23.21428571
2815	14.28571429	4.285714286	24.28571429
2817.5	20.71428571	10.71428571	30.71428571
2820	23.21428571	13.21428571	33.21428571
2822.5	27.5	17.5	37.5
2825	30	20	40
2827.5	32.5	22.5	42.5
2830	31.07142857	21.07142857	41.07142857
2832.5	32	22	42
2835	30.71428571	20.71428571	40.71428571
2837.5	27.14285714	17.14285714	37.14285714
2840	24.64285714	14.64285714	34.64285714
2842.5	21.78571429	11.78571429	31.78571429
2845	23.21428571	13.21428571	33.21428571
2847.5	20	10	30
2850	22.5	12.5	32.5
2852.5	21.78571429	11.78571429	31.78571429
2855	21.07142857	11.07142857	31.07142857
2857.5	25	15	35
2860	30	20	40
2862.5	27.85714286	17.85714286	37.85714286
2865	23.57142857	13.57142857	33.57142857
2867.5	25.71428571	15.71428571	35.71428571
2870	25	15	35
2872.5	28.57142857	18.57142857	38.57142857
2875	28.57142857	18.57142857	38.57142857
2877.5	20	10	30
2880	19.64285714	9.642857143	29.64285714
2882.5	20.71428571	10.71428571	30.71428571
2885	20	10	30
2887.5	20.35714286	10.35714286	30.35714286
2890	19.28571429	9.285714286	29.28571429
2892.5	24.64285714	14.64285714	34.64285714
2895	26.42857143	16.42857143	36.42857143
2897.5	30	20	40
2900	28.92857143	18.92857143	38.92857143
2902.5	29.28571429	19.28571429	39.28571429
2905	25.35714286	15.35714286	35.35714286
2907.5	26.78571429	16.78571429	36.78571429
2910	27.14285714	17.14285714	37.14285714
2912.5	26.07142857	16.07142857	36.07142857
2915	19.28571429	9.285714286	29.28571429
2917.5	22.14285714	12.14285714	32.14285714
2920	18.57142857	8.571428571	28.57142857
2922.5	18.92857143	8.928571429	28.92857143
2925	18.92857143	8.928571429	28.92857143
2927.5	25	15	35
2930	20	10	30
2932.5	18.57142857	8.571428571	28.57142857
2935	25.71428571	15.71428571	35.71428571
2937.5	30.35714286	20.35714286	40.35714286
2940	33.57142857	23.57142857	43.57142857
2942.5	38.57142857	28.57142857	48.57142857
2945	38.57142857	28.57142857	48.57142857
2947.5	34.64285714	24.64285714	44.64285714
2950	39.28571429	29.28571429	49.28571429
2952.5	40	30	50
2955	31.07142857	21.07142857	41.07142857
2957.5	28.57142857	18.57142857	38.57142857
2960	33.92857143	23.92857143	43.92857143
2962.5	30.35714286	20.35714286	40.35714286
2965	31.07142857	21.07142857	41.07142857
2967.5	24.28571429	14.28571429	34.28571429
2970	26.07142857	16.07142857	36.07142857
2972.5	25	15	35
2975	20	10	30
2977.5	21.42857143	11.42857143	31.42857143
2980	20.71428571	10.71428571	30.71428571
2982.5	27.5	17.5	37.5
2985	35	25	45
2987.5	31.42857143	21.42857143	41.42857143
2990	30.35714286	20.35714286	40.35714286
2992.5	29.28571429	19.28571429	39.28571429
2995	29.64285714	19.64285714	39.64285714
2997.5	28.92857143	18.92857143	38.92857143
3000	23.92857143	13.92857143	33.92857143
3005	21.07142857	11.07142857	31.07142857
3010	20.35714286	10.35714286	30.35714286
3015	20	10	30
3020	19.28571429	9.285714286	29.28571429
3025	25.35714286	15.35714286	35.35714286
3030	32.14285714	22.14285714	42.14285714
3035	35	25	45
3040	28.57142857	18.57142857	38.57142857
3045	25.71428571	15.71428571	35.71428571
3050	25	15	35
3055	31.78571429	21.78571429	41.78571429
3060	40	30	50
3065	35	25	45
3070	35	25	45
3075	33.21428571	23.21428571	43.21428571
3080	33.57142857	23.57142857	43.57142857
3085	40	30	50
3090	30.35714286	20.35714286	40.35714286
3095	30	20	40
3100	33.92857143	23.92857143	43.92857143
3105	34.64285714	24.64285714	44.64285714
3110	32.14285714	22.14285714	42.14285714
3115	28.92857143	18.92857143	38.92857143
3120	27.5	17.5	37.5
3125	24.64285714	14.64285714	34.64285714
3130	23.21428571	13.21428571	33.21428571
3135	20	10	30
3140	23.21428571	13.21428571	33.21428571
3145	24.28571429	14.28571429	34.28571429
3150	31.07142857	21.07142857	41.07142857
3155	40	30	50
3160	36.42857143	26.42857143	46.42857143
3165	35.35714286	25.35714286	45.35714286
3170	31.78571429	21.78571429	41.78571429
3175	30	20	40
3180	31.07142857	21.07142857	41.07142857
3185	33.92857143	23.92857143	43.92857143
3190	40	30	50
3195	33.57142857	23.57142857	43.57142857
3200	36.07142857	26.07142857	46.07142857
3205	36.78571429	26.78571429	46.78571429
3210	36.07142857	26.07142857	46.07142857
3215	30	20	40
3220	32.14285714	22.14285714	42.14285714
3225	29.28571429	19.28571429	39.28571429
3230	32.14285714	22.14285714	42.14285714
3235	28.21428571	18.21428571	38.21428571
3240	35.35714286	25.35714286	45.35714286
3245	35.35714286	25.35714286	45.35714286
3250	35	25	45
3255	30.71428571	20.71428571	40.71428571
3260	31.07142857	21.07142857	41.07142857
3265	25.35714286	15.35714286	35.35714286
3270	27.14285714	17.14285714	37.14285714
3275	25	15	35
3280	27.5	17.5	37.5
3285	22.5	12.5	32.5
3290	13.57142857	3.571428571	23.57142857
3295	10	0	20
3300	11.42857143	1.428571429	21.42857143
3305	21.78571429	11.78571429	31.78571429
3310	23.57142857	13.57142857	33.57142857
3315	28.92857143	18.92857143	38.92857143
3320	33	23	43
3325	29.64285714	19.64285714	39.64285714
3330	29.28571429	19.28571429	39.28571429
3335	27.85714286	17.85714286	37.85714286
3340	20	10	30
3345	25.71428571	15.71428571	35.71428571
3350	30.35714286	20.35714286	40.35714286
3355	28.92857143	18.92857143	38.92857143
3360	30.71428571	20.71428571	40.71428571
3365	32	22	42
3370	31.42857143	21.42857143	41.42857143
3375	24.28571429	14.28571429	34.28571429
3380	25	15	35
3385	27.85714286	17.85714286	37.85714286
3390	31.07142857	21.07142857	41.07142857
3395	33.92857143	23.92857143	43.92857143
3400	32.14285714	22.14285714	42.14285714