K: Elderfield et al. chronology (ky)
L: Elderfield et al. SL probability maximum (m; shifted so mean of last three ky = 0)
M: Elderfield et al. upper bound of 95% probability interval for SL probability maximum (m)
N: Elderfield et al. lower bound of 95% probability interval for SL probability maximum (m)

t Elderfield	PM	PMtop95%	PMbot95%
7	3.999	17.949	-9.951
8	1.279	15.087	-12.529
9	-5.278	8.385	-18.94
10	-17.474	-3.608	-31.341
11	-33.001	-19.031	-46.971
12	-47.282	-33.353	-61.212
13	-58.491	-44.74	-72.242
14	-68.441	-54.796	-82.087
15	-78.504	-64.796	-92.212
16	-87.557	-73.947	-101.167
17	-94.093	-80.599	-107.587
18	-98.133	-84.822	-111.444
19	-100.461	-87.16	-113.761
20	-101.404	-87.967	-114.84
21	-101.453	-87.928	-114.977
22	-102.074	-88.591	-115.557
23	-104.319	-90.85	-117.788
24	-106.861	-93.544	-120.178
25	-106.98	-93.778	-120.181
26	-103.511	-90.253	-116.769
27	-97.827	-84.48	-111.174
28	-92.256	-78.899	-105.613
29	-88.122	-74.684	-101.56
30	-85.388	-71.951	-98.824
31	-84.024	-70.62	-97.429
32	-84.848	-71.438	-98.259
33	-88.169	-74.827	-101.511
34	-92.207	-78.887	-105.527
35	-93.916	-80.639	-107.193
36	-91.65	-78.355	-104.945
37	-86.503	-73.156	-99.85
38	-80.543	-67.194	-93.891
39	-74.892	-61.53	-88.253
40	-70.087	-56.694	-83.48
41	-66.773	-53.35	-80.196
42	-65.494	-52.07	-78.919
43	-66.216	-52.778	-79.653
44	-68.046	-54.678	-81.415
45	-69.767	-56.376	-83.159
46	-70.943	-57.57	-84.317
47	-72.111	-58.801	-85.422
48	-73.474	-60.148	-86.799
49	-74.185	-60.833	-87.537
50	-73.897	-60.435	-87.36
51	-74.079	-60.642	-87.515
52	-76.298	-62.959	-89.637
53	-80.17	-66.908	-93.432
54	-84.157	-70.929	-97.386
55	-87.203	-73.921	-100.484
56	-88.944	-75.644	-102.244
57	-89.076	-75.757	-102.396
58	-87.267	-73.908	-100.625
59	-83.897	-70.496	-97.298
60	-80.077	-66.681	-93.472
61	-76.474	-63.073	-89.875
62	-73.088	-59.661	-86.516
63	-70.167	-56.716	-83.619
64	-68.315	-54.813	-81.817
65	-67.762	-54.366	-81.159
66	-67.177	-53.811	-80.543
67	-63.462	-50.07	-76.854
68	-55.11	-41.502	-68.718
69	-44.901	-31.229	-58.573
70	-36.258	-22.616	-49.899
71	-29.53	-15.899	-43.161
72	-24.047	-10.379	-37.715
73	-20.007	-6.358	-33.655
74	-17.659	-3.975	-31.342
75	-17.166	-3.406	-30.925
76	-19.142	-5.473	-32.812
77	-24.48	-10.77	-38.191
78	-33.305	-19.632	-46.977
79	-43.384	-29.833	-56.935
80	-49.848	-36.358	-63.338
81	-48.175	-34.683	-61.666
82	-37.637	-23.878	-51.396
83	-22.08	-8.147	-36.013
84	-8.246	5.515	-22.007
85	-1.549	12.076	-15.173
86	-2.235	11.379	-15.848
87	-6.142	7.525	-19.809
88	-8.769	4.852	-22.39
89	-8.386	5.154	-21.926
90	-6.65	6.901	-20.201
91	-6.944	6.612	-20.5
92	-10.79	2.701	-24.281
93	-16.029	-2.497	-29.562
94	-19.413	-5.981	-32.845
95	-19.518	-6.034	-33.002
96	-17.03	-3.487	-30.572
97	-14.16	-0.625	-27.695
98	-13.417	0.134	-26.968
99	-15.417	-1.72	-29.113
100	-18.792	-4.932	-32.652
101	-22.894	-9.047	-36.74
102	-28.141	-14.38	-41.902
103	-33.089	-19.65	-46.528
104	-34.838	-21.399	-48.277
105	-33.216	-19.782	-46.651
106	-31.217	-17.804	-44.629
107	-31.145	-17.679	-44.612
108	-32.807	-19.273	-46.342
109	-35.32	-21.735	-48.904
110	-38.207	-24.682	-51.732
111	-40.5	-27.064	-53.937
112	-41.003	-27.654	-54.351
113	-39.553	-26.179	-52.926
114	-36.648	-23.173	-50.123
115	-32.372	-18.949	-45.795
116	-26.915	-13.511	-40.318
117	-21.43	-8.073	-34.788
118	-17.538	-4.125	-30.951
119	-16.288	-2.928	-29.649
120	-17.241	-3.777	-30.705
121	-18.663	-5.262	-32.065
122	-19.547	-6.086	-33.008
123	-20.161	-6.619	-33.704
124	-20.666	-7.013	-34.319
125	-21.103	-7.33	-34.876
126	-22.118	-8.349	-35.887
127	-25.356	-11.578	-39.135
128	-33.707	-19.851	-47.562
129	-48.427	-34.575	-62.279
130	-65.232	-51.186	-79.278
131	-77.835	-64.22	-91.45
132	-84.908	-71.508	-98.309
133	-89.215	-75.896	-102.533
134	-92.582	-79.294	-105.87
135	-94.869	-81.584	-108.155
136	-95.572	-82.304	-108.839
137	-94.669	-81.388	-107.95
138	-92.537	-79.25	-105.824
139	-89.835	-76.584	-103.085
140	-87.418	-74.163	-100.674
141	-85.91	-72.635	-99.184
142	-85.25	-71.947	-98.553
143	-84.788	-71.415	-98.161
144	-83.842	-70.362	-97.321
145	-82.161	-68.692	-95.63
146	-79.713	-66.254	-93.172
147	-76.563	-63.157	-89.97
148	-72.906	-59.591	-86.222
149	-68.61	-55.267	-81.954
150	-63.91	-50.462	-77.358
151	-60.104	-46.599	-73.609
152	-58.184	-44.689	-71.679
153	-58.137	-44.716	-71.558
154	-59.459	-46.063	-72.855
155	-60.885	-47.539	-74.231
156	-60.904	-47.61	-74.199
157	-58.961	-45.661	-72.262
158	-55.104	-41.784	-68.424
159	-49.669	-36.307	-63.031
160	-43.582	-30.178	-56.986
161	-38.123	-24.769	-51.476
162	-34.914	-21.555	-48.273
163	-35.227	-21.779	-48.675
164	-38.166	-24.719	-51.613
165	-41.248	-27.866	-54.629
166	-43.36	-29.988	-56.733
167	-44.988	-31.544	-58.433
168	-46.059	-32.542	-59.577
169	-46.077	-32.534	-59.62
170	-45.804	-32.203	-59.404
171	-46.646	-33.092	-60.2
172	-48.227	-34.752	-61.702
173	-48.325	-34.932	-61.718
174	-45.553	-32.084	-59.023
175	-41.172	-27.806	-54.538
176	-38.043	-24.617	-51.468
177	-37.937	-24.459	-51.416
178	-40.306	-26.806	-53.805
179	-43.112	-29.69	-56.533
180	-44.336	-30.877	-57.795
181	-43.105	-29.639	-56.57
182	-40.04	-26.506	-53.575
183	-37.099	-23.57	-50.627
184	-36.201	-22.646	-49.756
185	-36.881	-23.278	-50.484
186	-36.556	-22.965	-50.146
187	-33.816	-20.286	-47.346
188	-29.919	-16.381	-43.457
189	-27.033	-13.537	-40.529
190	-26.463	-13.047	-39.879
191	-28.233	-14.797	-41.67
192	-31.184	-17.611	-44.756
193	-33.737	-20.199	-47.275
194	-34.583	-21.077	-48.089
195	-32.943	-19.527	-46.358
196	-29.574	-16.199	-42.949
197	-26.05	-12.6	-39.5
198	-22.452	-8.924	-35.979
199	-18.542	-4.98	-32.103
200	-16.066	-2.384	-29.747
201	-16.493	-2.771	-30.216
202	-18.399	-4.824	-31.973
203	-19.526	-5.987	-33.065
204	-19.059	-5.438	-32.681
205	-17.26	-3.613	-30.908
206	-15.682	-2.048	-29.316
207	-16.618	-3.136	-30.1
208	-20.096	-6.653	-33.539
209	-23.531	-10.156	-36.906
210	-25.081	-11.678	-38.484
211	-25.014	-11.544	-38.483
212	-24.037	-10.451	-37.622
213	-22.785	-9.199	-36.37
214	-22.911	-9.435	-36.386
215	-25.883	-12.314	-39.451
216	-30.772	-17.201	-44.343
217	-35.833	-22.317	-49.349
218	-41.464	-28.034	-54.894
219	-49.573	-36.099	-63.048
220	-60.335	-46.828	-73.841
221	-70.895	-57.494	-84.297
222	-77.796	-64.425	-91.168
223	-79.831	-66.549	-93.113
224	-78.326	-65.014	-91.638
225	-75.407	-62.022	-88.793
226	-72.293	-58.84	-85.746
227	-69.059	-55.7	-82.418
228	-65.326	-52.004	-78.648
229	-60.625	-47.4	-73.85
230	-54.389	-41.124	-67.655
231	-46.415	-33.01	-59.82
232	-37.848	-24.385	-51.311
233	-30.802	-17.359	-44.245
234	-26.718	-13.34	-40.096
235	-25.359	-11.961	-38.756
236	-25.071	-11.663	-38.479
237	-24.819	-11.35	-38.287
238	-25.755	-12.272	-39.237
239	-29.534	-16.086	-42.982
240	-36.275	-22.795	-49.755
241	-44.664	-31.167	-58.161
242	-51.407	-37.932	-64.883
243	-51.026	-37.411	-64.642
244	-41.421	-27.234	-55.608
245	-29.492	-15.314	-43.67
246	-24.683	-10.763	-38.602
247	-28.244	-14.511	-41.977
248	-34.578	-21.01	-48.147
249	-39.078	-25.461	-52.695
250	-40.385	-26.924	-53.847
251	-38.486	-24.92	-52.053
252	-33.903	-20.203	-47.603
253	-28.85	-15.14	-42.56
254	-27.636	-13.795	-41.477
255	-33.878	-19.757	-47.999
256	-46.566	-32.357	-60.775
257	-59.835	-45.822	-73.848
258	-67.836	-54.451	-81.222
259	-69.515	-56.164	-82.866
260	-68.301	-54.752	-81.849
261	-68.084	-54.46	-81.709
262	-69.993	-56.476	-83.511
263	-72.419	-58.893	-85.944
264	-72.913	-59.433	-86.392
265	-70.614	-57.111	-84.118
266	-68.255	-54.577	-81.933
267	-69.902	-56.254	-83.55
268	-75.141	-61.604	-88.678
269	-77.789	-64.381	-91.197
270	-72.196	-58.736	-85.656
271	-59.524	-45.921	-73.128
272	-45.711	-32.213	-59.209
273	-34.347	-20.961	-47.732
274	-24.836	-11.37	-38.303
275	-16.355	-2.85	-29.861
276	-9.875	3.612	-23.361
277	-6.018	7.505	-19.541
278	-4.02	9.485	-17.524
279	-3.66	9.875	-17.195
280	-6.025	7.459	-19.51
281	-12.153	1.368	-25.675
282	-21.423	-7.821	-35.025
283	-31.017	-17.413	-44.621
284	-37.879	-24.381	-51.376
285	-41.312	-27.86	-54.765
286	-42.688	-29.208	-56.168
287	-43.39	-29.888	-56.892
288	-44.449	-31.044	-57.855
289	-46.639	-33.317	-59.961
290	-49.801	-36.461	-63.141
291	-52.841	-39.512	-66.17
292	-54.349	-40.965	-67.733
293	-53.671	-40.206	-67.136
294	-51.365	-37.837	-64.893
295	-48.244	-34.493	-61.996
296	-44.691	-30.954	-58.427
297	-41.094	-27.428	-54.76
298	-38.19	-24.728	-51.651
299	-36.417	-22.921	-49.914
300	-35.537	-22.121	-48.952
301	-35.442	-21.962	-48.922
302	-36.847	-23.281	-50.413
303	-40.2	-26.611	-53.79
304	-44.102	-30.589	-57.614
305	-46.336	-32.962	-59.71
306	-46.429	-33.069	-59.788
307	-45.445	-32.038	-58.853
308	-43.731	-30.297	-57.165
309	-40.524	-27.05	-53.998
310	-35.476	-22.022	-48.931
311	-29.675	-16.323	-43.027
312	-24.804	-11.373	-38.234
313	-21.491	-7.984	-34.997
314	-18.874	-5.316	-32.432
315	-16.089	-2.56	-29.618
316	-13.515	-0.013	-27.017
317	-11.75	1.692	-25.192
318	-10.644	2.745	-24.033
319	-9.618	3.832	-23.068
320	-8.021	5.614	-21.656
321	-5.793	8.084	-19.67
322	-4.188	9.946	-18.323
323	-4.858	9.368	-19.085
324	-7.363	6.727	-21.453
325	-8.823	5.012	-22.658
326	-7.048	6.578	-20.674
327	-2.389	11.335	-16.114
328	3.053	16.98	-10.874
329	6.513	20.483	-7.456
330	6.434	20.329	-7.46
331	4.1	17.754	-9.554
332	2.113	15.81	-11.584
333	-0.02	13.682	-13.723
334	-7.5	6.275	-21.274
335	-24.076	-9.865	-38.287
336	-44.891	-30.719	-59.063
337	-60.645	-46.833	-74.457
338	-68.288	-54.8	-81.776
339	-71.961	-58.454	-85.469
340	-76.075	-62.464	-89.686
341	-81.901	-68.363	-95.438
342	-88.452	-75.003	-101.902
343	-94.097	-80.726	-107.469
344	-97.454	-84.141	-110.768
345	-97.729	-84.406	-111.052
346	-95.245	-81.86	-108.63
347	-91.651	-78.248	-105.054
348	-88.158	-74.772	-101.544
349	-83.585	-70.235	-96.935
350	-76.336	-62.864	-89.808
351	-67.927	-54.322	-81.532
352	-62.374	-48.664	-76.083
353	-62.068	-48.314	-75.823
354	-65.436	-51.749	-79.123
355	-69.4	-55.892	-82.908
356	-72.843	-59.526	-86.161
357	-76.083	-62.797	-89.368
358	-78.829	-65.534	-92.124
359	-80.357	-67.024	-93.69
360	-80.242	-66.934	-93.55
361	-78.361	-64.965	-91.757
362	-74.904	-61.52	-88.288
363	-70.008	-56.697	-83.32
364	-62.715	-49.184	-76.245
365	-51.464	-37.578	-65.35
366	-37.266	-23.322	-51.209
367	-24.287	-10.489	-38.085
368	-16.16	-2.534	-29.786
369	-14.167	-0.615	-27.72
370	-17.8	-4.31	-31.29
371	-24.8	-11.361	-38.238
372	-32.093	-18.696	-45.49
373	-38.002	-24.655	-51.348
374	-42.633	-29.296	-55.971
375	-45.801	-32.475	-59.126
376	-45.929	-32.639	-59.22
377	-41.488	-28.162	-54.815
378	-32.229	-18.481	-45.976
379	-19.285	-5.24	-33.331
380	-5.804	8.282	-19.891
381	4.013	17.788	-9.761
382	8.145	21.748	-5.458
383	7.605	21.096	-5.887
384	4.255	17.841	-9.331
385	-0.711	12.945	-14.367
386	-6.759	6.873	-20.39
387	-13.362	0.355	-27.078
388	-18.95	-5.238	-32.662
389	-21.495	-7.995	-34.994
390	-20.912	-7.542	-34.283
391	-18.939	-5.538	-32.339
392	-16.981	-3.425	-30.537
393	-15.505	-1.928	-29.082
394	-14.232	-0.713	-27.75
395	-12.686	0.772	-26.143
396	-10.378	3.083	-23.839
397	-5.842	7.857	-19.541
398	2.201	16.108	-11.707
399	12.356	26.459	-1.747
400	21.417	35.431	7.403
401	27.277	41.164	13.389
402	29.851	43.563	16.14
403	29.677	43.359	15.995
404	27.288	40.949	13.627
405	24.072	37.741	10.402
406	21.452	35.149	7.756
407	19.751	33.464	6.038
408	18.641	32.285	4.997
409	17.274	30.86	3.688
410	14.803	28.247	1.359
411	11.273	24.671	-2.124
412	7.321	20.815	-6.174
413	3.291	16.836	-10.253
414	-1.096	12.452	-14.644
415	-5.27	8.194	-18.733
416	-7.208	6.292	-20.708
417	-6.781	6.74	-20.301
418	-7.443	6.323	-21.208
419	-12.651	1.107	-26.408
420	-22.54	-8.601	-36.48
421	-34.709	-20.876	-48.542
422	-47.027	-33.449	-60.605
423	-59.687	-46.197	-73.178
424	-75.365	-61.817	-88.913
425	-95.851	-82.05	-109.652
426	-117.102	-103.332	-130.871
427	-130.906	-117.513	-144.3
428	-132.881	-119.211	-146.551
429	-125.831	-112.112	-139.55
430	-116.537	-102.848	-130.227
431	-110.887	-97.349	-124.425
432	-110.108	-96.699	-123.517
433	-111.4	-98.063	-124.737
434	-112.226	-98.981	-125.471
435	-112.421	-99.159	-125.684
436	-112.666	-99.429	-125.903
437	-112.777	-99.527	-126.026
438	-112.045	-98.707	-125.384
439	-110.578	-97.132	-124.024
440	-108.982	-95.505	-122.459
441	-107.227	-93.784	-120.671
442	-105.016	-91.658	-118.375
443	-102.438	-89.036	-115.84
444	-99.908	-86.487	-113.328
445	-98.297	-84.862	-111.733
446	-98.498	-85.08	-111.917
447	-100.475	-87.061	-113.889
448	-103.404	-89.982	-116.826
449	-106.325	-92.985	-119.665
450	-108.247	-94.929	-121.564
451	-108.406	-95.113	-121.699
452	-106.895	-93.605	-120.184
453	-104.646	-91.335	-117.957
454	-102.716	-89.359	-116.073
455	-101.656	-88.325	-114.987
456	-101.284	-88.004	-114.565
457	-100.771	-87.476	-114.066
458	-99.06	-85.751	-112.368
459	-95.566	-82.161	-108.972
460	-90.61	-77.24	-103.981
461	-85.35	-71.899	-98.801
462	-81.637	-68.188	-95.087
463	-81.255	-67.814	-94.697
464	-84.157	-70.7	-97.615
465	-87.854	-74.513	-101.194
466	-89.458	-76.144	-102.773
467	-88.122	-74.838	-101.406
468	-84.991	-71.602	-98.381
469	-80.974	-67.628	-94.319
470	-75.274	-61.864	-88.684
471	-66.934	-53.4	-80.469
472	-56.916	-43.248	-70.584
473	-47.241	-33.6	-60.882
474	-39.099	-25.544	-52.654
475	-32.894	-19.368	-46.42
476	-28.948	-15.357	-42.539
477	-27.364	-13.867	-40.861
478	-27.441	-13.898	-40.984
479	-27.431	-13.925	-40.937
480	-26.03	-12.679	-39.382
481	-23.809	-10.436	-37.182
482	-21.706	-8.349	-35.063
483	-19.284	-5.822	-32.746
484	-15.896	-2.417	-29.374
485	-12.23	1.322	-25.782
486	-9.382	4.107	-22.872
487	-7.371	6.131	-20.872
488	-5.887	7.618	-19.392
489	-5.355	8.225	-18.936
490	-5.695	7.97	-19.361
491	-5.815	7.874	-19.504
492	-5.244	8.435	-18.924
493	-4.493	9.183	-18.168
494	-3.758	9.98	-17.496
495	-2.977	10.609	-16.564
496	-3.081	10.569	-16.731
497	-5.101	8.63	-18.833
498	-8.589	5.037	-22.215
499	-12.533	1.02	-26.086
500	-16.468	-2.948	-29.988
501	-19.971	-6.462	-33.481
502	-22.141	-8.615	-35.668
503	-22.433	-8.936	-35.93
504	-22.115	-8.701	-35.53
505	-23.695	-10.258	-37.132
506	-28.739	-15.18	-42.298
507	-36.739	-23.044	-50.435
508	-45.349	-31.723	-58.975
509	-51.76	-38.385	-65.135
510	-54.662	-41.326	-67.998
511	-54.902	-41.546	-68.258
512	-54.176	-40.793	-67.558
513	-53.419	-40.075	-66.762
514	-52.663	-39.325	-66
515	-51.778	-38.439	-65.118
516	-50.823	-37.424	-64.222
517	-50.008	-36.541	-63.475
518	-49.495	-36.021	-62.969
519	-49.411	-35.956	-62.867
520	-50.195	-36.76	-63.631
521	-52.291	-38.857	-65.724
522	-55.329	-41.933	-68.725
523	-58.224	-44.839	-71.609
524	-59.716	-46.362	-73.071
525	-58.87	-45.416	-72.324
526	-56.15	-42.655	-69.645
527	-53.589	-40.156	-67.021
528	-52.685	-39.239	-66.132
529	-52.654	-39.206	-66.101
530	-51.811	-38.457	-65.164
531	-50.257	-36.883	-63.632
532	-49.812	-36.457	-63.166
533	-51.41	-37.967	-64.854
534	-54.177	-40.718	-67.635
535	-56.996	-43.536	-70.456
536	-59.649	-46.257	-73.042
537	-62.3	-48.852	-75.748
538	-64.708	-51.246	-78.171
539	-66.423	-52.961	-79.884
540	-67.134	-53.732	-80.536
541	-66.47	-53.044	-79.897
542	-64.022	-50.571	-77.473
543	-59.777	-46.283	-73.272
544	-54.649	-41.187	-68.11
545	-50.461	-37.042	-63.88
546	-48.553	-35.148	-61.957
547	-48.82	-35.445	-62.195
548	-50.608	-37.223	-63.993
549	-53.349	-40.015	-66.682
550	-56.315	-42.982	-69.648
551	-58.528	-45.199	-71.858
552	-59.267	-45.955	-72.579
553	-58.978	-45.723	-72.233
554	-58.537	-45.188	-71.886
555	-57.279	-43.813	-70.745
556	-53.57	-40.012	-67.129
557	-47.414	-33.872	-60.955
558	-40.986	-27.465	-54.508
559	-36.402	-22.872	-49.931
560	-34.172	-20.663	-47.681
561	-33.974	-20.497	-47.452
562	-35.135	-21.775	-48.495
563	-36.072	-22.709	-49.436
564	-34.636	-21.217	-48.055
565	-29.539	-16.062	-43.016
566	-21.721	-8.187	-35.255
567	-14.334	-0.852	-27.817
568	-10.216	3.218	-23.651
569	-9.37	4.001	-22.74
570	-9.836	3.611	-23.282
571	-10.03	3.522	-23.582
572	-9.664	3.904	-23.231
573	-9.334	4.146	-22.815
574	-9.624	3.75	-22.998
575	-10.564	2.789	-23.918
576	-11.939	1.522	-25.401
577	-14.303	-0.646	-27.96
578	-18.801	-5.009	-32.594
579	-25.501	-11.76	-39.243
580	-33.346	-19.709	-46.984
581	-41.33	-27.708	-54.952
582	-48.434	-34.928	-61.941
583	-53.211	-39.751	-66.671
584	-54.647	-41.327	-67.968
585	-53.377	-40.048	-66.706
586	-50.993	-37.58	-64.405
587	-48.381	-34.958	-61.805
588	-45.73	-32.236	-59.225
589	-43.414	-29.971	-56.857
590	-41.958	-28.521	-55.395
591	-41.461	-28.016	-54.906
592	-41.309	-27.87	-54.747
593	-41.069	-27.677	-54.46
594	-41.027	-27.626	-54.429
595	-41.384	-27.92	-54.847
596	-42.629	-29.087	-56.172
597	-45.997	-32.51	-59.484
598	-51.716	-38.219	-65.213
599	-57.762	-44.229	-71.295
600	-61.682	-48.349	-75.016
601	-62.438	-49.12	-75.757
602	-59.577	-46.266	-72.887
603	-52.805	-39.355	-66.255
604	-43.218	-29.637	-56.799
605	-33.63	-20.021	-47.239
606	-27.127	-13.531	-40.722
607	-24.927	-11.458	-38.395
608	-25.501	-12.01	-38.992
609	-26.023	-12.529	-39.518
610	-25.114	-11.623	-38.604
611	-23.456	-9.928	-36.983
612	-21.461	-8.036	-34.886
613	-18.496	-5.095	-31.897
614	-15.028	-1.487	-28.57
615	-14.125	-0.353	-27.897
616	-20.064	-6.126	-34.002
617	-34.59	-20.269	-48.911
618	-53.692	-39.207	-68.177
619	-70.101	-55.868	-84.333
620	-79.988	-66.318	-93.657
621	-84.61	-71.162	-98.057
622	-86.265	-72.912	-99.618
623	-85.952	-72.61	-99.295
624	-84.178	-70.669	-97.688
625	-81.445	-67.951	-94.94
626	-77.965	-64.56	-91.369
627	-74.065	-60.685	-87.445
628	-70.774	-57.428	-84.12
629	-69.341	-56.012	-82.669
630	-70.385	-57.077	-83.694
631	-73.73	-60.258	-87.201
632	-79.078	-65.587	-92.57
633	-86.591	-73.04	-100.142
634	-95.398	-81.863	-108.932
635	-102.837	-89.413	-116.261
636	-107.025	-93.646	-120.404
637	-108.192	-94.851	-121.533
638	-107.342	-94.013	-120.671
639	-105.361	-92.022	-118.7
640	-102.817	-89.475	-116.159
641	-99.943	-86.635	-113.251
642	-97.123	-83.734	-110.511
643	-95.104	-81.596	-108.612
644	-94.45	-80.844	-108.055
645	-94.902	-81.409	-108.395
646	-95.134	-81.767	-108.5
647	-93.725	-80.43	-107.019
648	-90.859	-77.475	-104.242
649	-88.092	-74.629	-101.555
650	-86.243	-72.875	-99.611
651	-84.391	-71.051	-97.731
652	-81.244	-67.884	-94.605
653	-77.529	-64.089	-90.969
654	-75.91	-62.411	-89.409
655	-77.181	-63.721	-90.641
656	-78.404	-65.067	-91.741
657	-76.512	-63.146	-89.878
658	-71.923	-58.391	-85.454
659	-67.57	-53.864	-81.276
660	-65.818	-52.133	-79.504
661	-66.394	-52.835	-79.954
662	-66.679	-53.265	-80.092
663	-64.382	-51.042	-77.723
664	-59.606	-46.214	-72.998
665	-54.008	-40.546	-67.471
666	-48.992	-35.497	-62.487
667	-45.357	-31.902	-58.813
668	-43.259	-29.721	-56.797
669	-41.795	-28.305	-55.285
670	-40.415	-26.906	-53.923
671	-40.475	-27.065	-53.885
672	-43.216	-29.872	-56.56
673	-47.407	-34.117	-60.697
674	-50.846	-37.529	-64.163
675	-52.085	-38.667	-65.502
676	-50.257	-36.874	-63.639
677	-45.553	-32.194	-58.912
678	-39.345	-25.989	-52.7
679	-32.733	-19.347	-46.118
680	-25.827	-12.438	-39.217
681	-18.574	-5.081	-32.067
682	-11.495	1.958	-24.947
683	-4.893	8.522	-18.307
684	1.59	15.022	-11.842
685	7.493	20.903	-5.918
686	11.654	25.047	-1.74
687	13.845	27.302	0.387
688	14.392	27.739	1.046
689	13.268	26.578	-0.042
690	11.001	24.35	-2.349
691	9.409	22.839	-4.022
692	9.686	23.2	-3.828
693	10.447	23.959	-3.064
694	9.982	23.548	-3.584
695	9.249	22.936	-4.437
696	10.102	23.825	-3.621
697	12.354	26.048	-1.339
698	14.062	27.701	0.423
699	13.101	26.763	-0.56
700	8.433	22.101	-5.235
701	0.636	14.387	-13.115
702	-8.419	5.385	-22.223
703	-16.487	-2.762	-30.213
704	-22.568	-8.815	-36.32
705	-27.65	-14.036	-41.265
706	-33.223	-19.667	-46.779
707	-39.477	-25.963	-52.99
708	-45.377	-31.906	-58.847
709	-50.005	-36.511	-63.5
710	-53.349	-39.988	-66.709
711	-55.76	-42.5	-69.021
712	-57.602	-44.316	-70.888
713	-59.475	-46.103	-72.846
714	-61.677	-48.281	-75.072
715	-63.983	-50.53	-77.436
716	-66.441	-53.038	-79.843
717	-69.2	-55.874	-82.525
718	-71.73	-58.482	-84.977
719	-72.897	-59.605	-86.188
720	-71.67	-58.371	-84.968
721	-68.37	-55.067	-81.674
722	-64.693	-51.356	-78.029
723	-61.942	-48.644	-75.24
724	-59.976	-46.648	-73.305
725	-57.484	-44.049	-70.919
726	-53.602	-39.917	-67.287
727	-50.103	-36.305	-63.901
728	-50.752	-37.004	-64.5
729	-57.313	-43.517	-71.108
730	-66.309	-52.831	-79.788
731	-71.171	-57.783	-84.56
732	-68.408	-54.901	-81.914
733	-60.332	-46.752	-73.911
734	-51.796	-38.242	-65.35
735	-45.498	-32.02	-58.976
736	-40.805	-27.313	-54.297
737	-36.537	-22.916	-50.157
738	-33.4	-19.799	-47.001
739	-32.938	-19.369	-46.507
740	-35.263	-21.789	-48.737
741	-38.871	-25.359	-52.382
742	-42.31	-28.802	-55.818
743	-45.409	-31.933	-58.886
744	-48.851	-35.41	-62.293
745	-52.655	-39.267	-66.043
746	-55.758	-42.39	-69.127
747	-57.771	-44.461	-71.081
748	-59.489	-46.22	-72.757
749	-61.169	-47.8	-74.539
750	-62.121	-48.558	-75.683
751	-61.997	-48.39	-75.603
752	-61.375	-47.701	-75.049
753	-61.356	-47.844	-74.868
754	-62.879	-49.411	-76.347
755	-65.517	-52.036	-78.999
756	-67.07	-53.642	-80.499
757	-65.325	-51.931	-78.719
758	-60.04	-46.604	-73.476
759	-53.103	-39.705	-66.501
760	-46.691	-33.263	-60.12
761	-40.994	-27.452	-54.537
762	-34.613	-20.931	-48.295
763	-27.444	-13.749	-41.139
764	-21.449	-7.822	-35.075
765	-18.051	-4.573	-31.529
766	-16.483	-3.024	-29.942
767	-14.812	-1.462	-28.162
768	-11.599	1.711	-24.909
769	-7.43	5.975	-20.834
770	-4.271	9.167	-17.708
771	-1.98	11.629	-15.59
772	1.544	15.099	-12.012
773	6.084	19.603	-7.435
774	8.778	22.313	-4.757
775	7.651	21.234	-5.932
776	3.377	17.024	-10.27
777	-1.303	12.352	-14.959
778	-4.099	9.427	-17.624
779	-5.966	7.523	-19.455
780	-9.466	4.061005	-22.994
781	-14.532	-0.967	-28.097
782	-19.088	-5.528	-32.649
783	-22.699	-8.989	-36.409
784	-26.35	-12.671	-40.029
785	-30.898	-17.137	-44.659
786	-38.052	-24.293	-51.811
787	-50.027	-36.152	-63.902
788	-66.035	-52.174	-79.896
789	-81.287	-67.75	-94.824
790	-91.232	-77.768	-104.697
791	-95.607	-82.165	-109.049
792	-97.604	-84.115	-111.092
793	-100.359	-86.813	-113.905
794	-104.526	-91.063	-117.989
795	-108.082	-94.704	-121.46
796	-108.374	-95.041	-121.706
797	-104.295	-90.906	-117.684
798	-96.076	-82.598	-109.555
799	-84.555	-70.922	-98.189
800	-71.961	-58.281	-85.641
801	-61.293	-47.768	-74.817
802	-53.776	-40.308	-67.244
803	-48.685	-35.258	-62.112
804	-44.913	-31.404	-58.423
805	-41.496	-28.037	-54.955
806	-38.159	-24.674	-51.644
807	-36.054	-22.642	-49.466
808	-36.27	-22.894	-49.647
809	-37.839	-24.424	-51.253
810	-39.088	-25.624	-52.552
811	-39.476	-26.033	-52.919
812	-38.811	-25.288	-52.334
813	-36.459	-22.809	-50.108
814	-32.203	-18.44	-45.966
815	-27.579	-13.567	-41.591
816	-25.326	-11.43	-39.221
817	-26.493	-12.764	-40.223
818	-29.096	-15.365	-42.826
819	-30.229	-16.665	-43.792
820	-28.267	-14.748	-41.787
821	-23.491	-10.003	-36.978
822	-18.085	-4.634	-31.537
823	-14.481	-0.982	-27.981
824	-12.893	0.597	-26.382
825	-11.657	1.896	-25.21
826	-9.269	4.374	-22.912
827	-5.161	8.593	-18.915
828	-0.125	13.702	-13.952
829	3.603	17.213	-10.007
830	4.168	17.748	-9.411
831	2.114	15.707	-11.479
832	-0.281	13.259	-13.822
833	-1.345	12.193	-14.884
834	-0.898	12.487	-14.283
835	0.408	13.917	-13.101
836	2.013	15.585	-11.559
837	4.027	17.561	-9.508
838	6.335	19.944	-7.273
839	7.774	21.359	-5.812
840	7.632	21.191	-5.926
841	7.017	20.497	-6.464
842	7.28	20.82	-6.259
843	8.121	21.541	-5.299
844	8.414	21.734	-4.906
845	8.412	21.778	-4.953
846	9.587	23.114	-3.94
847	12.237	25.85	-1.375
848	15.11	28.751	1.468
849	17.094	30.513	3.675
850	17.573	31.054	4.093
851	15.861	29.379	2.343
852	11.42	25.014	-2.174
853	4.834	18.504	-8.836
854	-2.09	11.545	-15.725
855	-7.829	5.677	-21.334
856	-11.569	1.848	-24.987
857	-12.6	0.862	-26.062
858	-11.169	2.396	-24.734
859	-9.334	4.347	-23.014
860	-9.716	3.982	-23.415
861	-13.255	0.491	-27.002
862	-18.523	-4.956	-32.091
863	-23.605	-10.2	-37.011
864	-27.887	-14.562	-41.212
865	-31.535	-18.215	-44.856
866	-34.933	-21.462	-48.405
867	-39.294	-25.709	-52.879
868	-46.341	-32.555	-60.126
869	-56.945	-43.275	-70.616
870	-70.11	-56.465	-83.754
871	-83.206	-69.458	-96.954
872	-93.387	-79.673	-107.101
873	-98.961	-85.439	-112.483
874	-100.151	-86.697	-113.604
875	-98.846	-85.383	-112.31
876	-97.199	-83.689	-110.709
877	-96.195	-82.75	-109.64
878	-95.761	-82.381	-109.141
879	-96.037	-82.689	-109.384
880	-97.615	-84.344	-110.886
881	-100.342	-87.072	-113.612
882	-102.842	-89.56	-116.124
883	-104.044	-90.727	-117.361
884	-104.47	-91.081	-117.858
885	-105.475	-92.153	-118.798
886	-107.678	-94.363	-120.993
887	-110.206	-96.915	-123.497
888	-111.555	-98.349	-124.761
889	-110.656	-97.451	-123.862
890	-106.879	-93.549	-120.208
891	-100.179	-86.715	-113.643
892	-91.669	-78.127	-105.21
893	-83.567	-70.033	-97.102
894	-77.771	-64.354	-91.188
895	-74.211	-60.846	-87.576
896	-71.552	-58.118	-84.987
897	-69.111	-55.695	-82.528
898	-67.01	-53.563	-80.457
899	-65.197	-51.68	-78.713
900	-63.533	-50.022	-77.043
901	-62.32	-48.831	-75.81
902	-61.719	-48.25	-75.188
903	-61.21	-47.867	-74.554
904	-60.474	-47.083	-73.865
905	-59.681	-46.278	-73.083
906	-58.644	-45.232	-72.055
907	-57.158	-43.832	-70.483
908	-55.626	-42.218	-69.034
909	-54.487	-41.061	-67.912
910	-53.686	-40.209	-67.162
911	-53.129	-39.66	-66.598
912	-53.371	-39.829	-66.913
913	-55.45	-41.97	-68.93
914	-59.862	-46.394	-73.33
915	-65.445	-52.168	-78.722
916	-69.519	-56.238	-82.8
917	-70.432	-56.939	-83.926
918	-69.608	-56.099	-83.117
919	-69.297	-55.881	-82.713
920	-68.969	-55.569	-82.369
921	-66.167	-52.732	-79.602
922	-60.408	-46.931	-73.886
923	-53.8	-40.324	-67.275
924	-48.138	-34.595	-61.681
925	-43.205	-29.682	-56.728
926	-37.749	-24.188	-51.311
927	-30.798	-17.276	-44.321
928	-21.56	-7.632	-35.488
929	-10.102	4.0704224	-24.275
930	0.52	14.603	-13.563
931	5.739	19.592	-8.113
932	4.365	18.132	-9.402
933	-0.919	13.035	-14.872
934	-6.988	6.927	-20.903
935	-11.481	2.249	-25.211
936	-12.986	0.56	-26.533
937	-11.389	2.061	-24.84
938	-6.992	6.603	-20.588
939	-0.474	13.047	-13.996
940	6.603	20.138	-6.932
941	13.419	26.921	-0.084
942	20.242	33.77	6.714
943	26.043	39.632	12.455
944	28.614	42.334	14.895
945	26.992	40.667	13.318
946	22.102	35.714	8.49
947	16.291	29.781	2.801
948	12.239	25.731	-1.254
949	11.189	24.81	-2.432
950	12.925	26.667	-0.818
951	16.365	30.057	2.673
952	19.277	32.896	5.658
953	19.333	32.856	5.81
954	16.132	29.648	2.616
955	11.327	24.943	-2.289
956	6.68	20.335	-6.975
957	2.45	16.046	-11.146
958	-2.611	10.964	-16.186
959	-9.695	3.902	-23.292
960	-17.889	-4.305	-31.472
961	-24.686	-11.187	-38.184
962	-28.923	-15.53	-42.317
963	-31.413	-18.053	-44.774
964	-33.131	-19.756	-46.507
965	-34.708	-21.394	-48.021
966	-36.732	-23.353	-50.111
967	-39.296	-25.877	-52.714
968	-41.446	-27.974	-54.917
969	-41.533	-28.012	-55.054
970	-38.376	-24.77	-51.983
971	-32.264	-18.606	-45.923
972	-25.14	-11.525	-38.756
973	-19.494	-5.963	-33.026
974	-16.962	-3.463	-30.461
975	-17.589	-4.111	-31.067
976	-19.151	-5.729	-32.574
977	-18.578	-5.098	-32.058
978	-14.754	-1.278	-28.23
979	-8.524	5.152	-22.2
980	-1.682	12.236	-15.599
981	3.524	17.521	-10.473
982	5.931	19.927	-8.065
983	6.27	20.066	-7.525
984	5.63	19.304	-8.044
985	3.668	17.2	-9.863
986	-0.458	13.052	-13.967
987	-5.907	7.537	-19.351
988	-10.055	3.4	-23.511
989	-10.034	3.514	-23.583
990	-5.024	8.736	-18.783
991	2.001	16.085	-12.084
992	6.228	20.351	-7.894
993	5.259	19.243	-8.725
994	0.186	13.921	-13.549
995	-6.388	7.102	-19.877
996	-12.311	1.064	-25.685
997	-16.69	-3.297	-30.083
998	-19.472	-6.092	-32.852
999	-21.229	-7.872	-34.586
1.00E+03	-23.032	-9.727	-36.337
1.00E+03	-25.644	-12.309	-38.978
1.00E+03	-29.204	-15.795	-42.613
1.00E+03	-33.64	-20.246	-47.033
1.00E+03	-38.821	-25.414	-52.228
1.01E+03	-44.191	-30.765	-57.618
1.01E+03	-48.624	-35.116	-62.133
1.01E+03	-51.166	-37.597	-64.734
1.01E+03	-51.781	-38.293	-65.269
1.01E+03	-50.587	-37.076	-64.098
1.01E+03	-46.921	-33.432	-60.411
1.01E+03	-40.772	-27.319	-54.225
1.01E+03	-34.278	-20.952	-47.603
1.01E+03	-29.956	-16.649	-43.263
1.01E+03	-28.086	-14.697	-41.476
1.02E+03	-26.978	-13.475	-40.481
1.02E+03	-24.756	-11.238	-38.273
1.02E+03	-20.493	-6.98	-34.006
1.02E+03	-14.721	-1.306	-28.135
1.02E+03	-9.161	4.162	-22.484
1.02E+03	-5.436	7.944	-18.816
1.02E+03	-3.274	10.258	-16.807
1.02E+03	-0.671	12.901	-14.243
1.02E+03	3.238	16.897	-10.422
1.02E+03	6.727	20.215	-6.761
1.03E+03	7.886	21.278	-5.507
1.03E+03	6.615	20.026	-6.795
1.03E+03	4.003	17.461	-9.455
1.03E+03	1.286	14.767	-12.196
1.03E+03	-1.353	12.078	-14.785
1.03E+03	-5.224	8.2	-18.648
1.03E+03	-11.09	2.354	-24.534
1.03E+03	-17.826	-4.342	-31.31
1.03E+03	-23.918	-10.456	-37.379
1.03E+03	-28.505	-15.041	-41.969
1.04E+03	-31	-17.651	-44.349
1.04E+03	-31.611	-18.294	-44.927
1.04E+03	-31.371	-18.06	-44.682
1.04E+03	-30.695	-17.33	-44.06
1.04E+03	-29.482	-16.099	-42.865
1.04E+03	-28.294	-14.917	-41.671
1.04E+03	-27.894	-14.55	-41.239
1.04E+03	-28.305	-14.957	-41.653
1.04E+03	-28.857	-15.435	-42.279
1.04E+03	-28.709	-15.229	-42.189
1.05E+03	-27.362	-13.899	-40.826
1.05E+03	-25.201	-11.689	-38.712
1.05E+03	-23.381	-9.845	-36.917
1.05E+03	-22.788	-9.287	-36.29
1.05E+03	-22.987	-9.51	-36.465
1.05E+03	-22.78	-9.376	-36.183
1.05E+03	-22.02	-8.643	-35.397
1.05E+03	-21.659	-8.233	-35.085
1.05E+03	-21.963	-8.511	-35.414
1.05E+03	-22.044	-8.487	-35.601
1.06E+03	-21.043	-7.534	-34.552
1.06E+03	-19.025	-5.506	-32.544
1.06E+03	-16.705	-3.152	-30.259
1.06E+03	-14.533	-0.956	-28.111
1.06E+03	-12.295	1.353	-25.944
1.06E+03	-9.663	3.896	-23.223
1.06E+03	-6.914	6.544	-20.372
1.06E+03	-4.491	9.027	-18.01
1.06E+03	-1.986	11.671	-15.644
1.06E+03	1.265	14.911	-12.38
1.07E+03	4.798	18.322	-8.725
1.07E+03	7.669	21.11	-5.772
1.07E+03	9.91	23.467	-3.646
1.07E+03	11.885	25.347	-1.577
1.07E+03	12.785	26.294	-0.723
1.07E+03	11.832	25.449	-1.784
1.07E+03	9.978	23.644	-3.688
1.07E+03	8.352	22.027	-5.324
1.07E+03	6.851	20.415	-6.712
1.07E+03	5.047	18.488	-8.393
1.08E+03	2.583	16.013	-10.847
1.08E+03	-0.442	13.051	-13.935
1.08E+03	-2.263	11.357	-15.883
1.08E+03	-1.096	12.615	-14.807
1.08E+03	1.538	15.378	-12.301
1.08E+03	2.053	15.93	-11.824
1.08E+03	-1.213	12.668	-15.095
1.08E+03	-7.254	6.602	-21.111
1.08E+03	-14.355	-0.651	-28.06
1.08E+03	-21.356	-7.553	-35.158
1.09E+03	-27.848	-14.058	-41.638
1.09E+03	-34.415	-20.646	-48.185
1.09E+03	-41.97	-28.3	-55.641
1.09E+03	-50.132	-36.566	-63.699
1.09E+03	-57.283	-43.728	-70.837
1.09E+03	-62.079	-48.6	-75.558
1.09E+03	-63.771	-50.261	-77.28
1.09E+03	-62.085	-48.513	-75.656
1.09E+03	-57.711	-44.027	-71.396
1.09E+03	-52.171	-38.595	-65.746
1.10E+03	-46.632	-33.14	-60.124
1.10E+03	-40.977	-27.57	-54.383
1.10E+03	-34.552	-21.168	-47.936
1.10E+03	-27.52	-14.113	-40.927
1.10E+03	-20.745	-7.319	-34.171
1.10E+03	-15.349	-1.775	-28.924
1.10E+03	-12.674	0.86	-26.208
1.10E+03	-13.264	0.286	-26.815
1.10E+03	-15.8	-2.261	-29.339
1.10E+03	-18.114	-4.594	-31.635
1.11E+03	-19.268	-5.814	-32.722
1.11E+03	-19.401	-5.889	-32.914
1.11E+03	-18.659	-5.072	-32.245
1.11E+03	-18.287	-4.632	-31.942
1.11E+03	-20.355	-6.574	-34.136
1.11E+03	-24.664	-10.95	-38.379
1.11E+03	-28.704	-15.141	-42.267
1.11E+03	-31.408	-18.003	-44.813
1.11E+03	-34.328	-20.971	-47.685
1.11E+03	-38.84	-25.52	-52.159
1.12E+03	-44.488	-31.123	-57.854
1.12E+03	-50.011	-36.609	-63.413
1.12E+03	-54.581	-41.142	-68.021
1.12E+03	-57.697	-44.267	-71.126
1.12E+03	-58.328	-44.884	-71.772
1.12E+03	-55.647	-42.155	-69.139
1.12E+03	-50.315	-36.729	-63.9
1.12E+03	-43.607	-30.021	-57.194
1.12E+03	-36.415	-22.991	-49.839
1.12E+03	-30.483	-17.068	-43.899
1.13E+03	-28.683	-15.338	-42.027
1.13E+03	-31.823	-18.422	-45.224
1.13E+03	-36.952	-23.477	-50.428
1.13E+03	-40.259	-26.687	-53.832
1.13E+03	-40.054	-26.462	-53.646
1.13E+03	-36.988	-23.448	-50.527
1.13E+03	-33.198	-19.739	-46.656
1.13E+03	-31.162	-17.7	-44.624
1.13E+03	-31.761	-18.169	-45.352
1.13E+03	-32.815	-19.203	-46.427
1.14E+03	-31.66	-18.144	-45.175
1.14E+03	-29.293	-15.881	-42.704
1.14E+03	-28.869	-15.49	-42.248
1.14E+03	-31.173	-17.671	-44.675
1.14E+03	-34.274	-20.692	-47.855
1.14E+03	-36.502	-22.936	-50.068
1.14E+03	-37.927	-24.374	-51.481
1.14E+03	-38.838	-25.283	-52.393
1.14E+03	-37.987	-24.409	-51.565
1.14E+03	-33.856	-20.381	-47.331
1.15E+03	-27.7	-14.258	-41.141
1.15E+03	-23.177	-9.762	-36.591
1.15E+03	-22.216	-8.821	-35.612
1.15E+03	-23.757	-10.369	-37.145
1.15E+03	-26.575	-13.201	-39.949
1.15E+03	-30.234	-16.868	-43.601
1.15E+03	-33.494	-20.148	-46.84
1.15E+03	-34.645	-21.249	-48.042
1.15E+03	-33.012	-19.531	-46.493
1.15E+03	-28.596	-15.056	-42.136
1.16E+03	-21.853	-8.379	-35.326
1.16E+03	-14.478	-1.065	-27.891
1.16E+03	-8.801	4.623	-22.224
1.16E+03	-6.097	7.261	-19.455
1.16E+03	-5.774	7.593	-19.141
1.16E+03	-6.318	7.063	-19.699
1.16E+03	-7.001	6.457	-20.459
1.16E+03	-7.916	5.546	-21.378
1.16E+03	-8.867	4.587	-22.321
1.16E+03	-9.348	4.111	-22.807
1.17E+03	-9.521	3.964	-23.005
1.17E+03	-10.718	2.681	-24.117
1.17E+03	-13.964	-0.583	-27.345
1.17E+03	-18.084	-4.716	-31.453
1.17E+03	-20.7	-7.281	-34.12
1.17E+03	-20.67	-7.248	-34.092
1.17E+03	-18.446	-5.04	-31.852
1.17E+03	-14.462	-1.034	-27.89
1.17E+03	-8.263	5.317	-21.842
1.17E+03	0.098	13.651	-13.454
1.18E+03	8.695	22.335	-4.944
1.18E+03	15.617	29.29	1.945
1.18E+03	20.759	34.44	7.079
1.18E+03	24.089	37.774	10.403
1.18E+03	24.277	37.854	10.7
1.18E+03	20.034	33.71	6.357
1.18E+03	12.135	25.879	-1.609
1.18E+03	3.564	17.307	-10.18
1.18E+03	-3.011	10.683	-16.704
1.18E+03	-6.731	6.828	-20.29
1.19E+03	-7.406	6.099	-20.912
1.19E+03	-5.549	7.941	-19.038
1.19E+03	-3.44	9.959	-16.839
1.19E+03	-3.792	9.573	-17.158
1.19E+03	-7.5	5.942	-20.943
1.19E+03	-13.604	-0.084	-27.124
1.19E+03	-20.708	-7.132	-34.285
1.19E+03	-27.473	-13.887	-41.059
1.19E+03	-32.45	-18.927	-45.973
1.19E+03	-34.887	-21.508	-48.267
1.20E+03	-35.307	-22.011	-48.602
1.20E+03	-34.881	-21.563	-48.199
1.20E+03	-34.704	-21.373	-48.034
1.20E+03	-35.015	-21.61	-48.421
1.20E+03	-34.885	-21.317	-48.453
1.20E+03	-33.427	-19.875	-46.978
1.20E+03	-31.02	-17.429	-44.61
1.20E+03	-28.609	-14.984	-42.234
1.20E+03	-26.688	-13.152	-40.224
1.20E+03	-25.547	-11.963	-39.131
1.21E+03	-25.33	-11.837	-38.824
1.21E+03	-25.199	-11.546	-38.852
1.21E+03	-24.161	-10.575	-37.748
1.21E+03	-23.483	-9.897	-37.069
1.21E+03	-25.484	-11.872	-39.096
1.21E+03	-29.583	-15.975	-43.191
1.21E+03	-32.746	-19.231	-46.261
1.21E+03	-33.6	-20.123	-47.078
1.21E+03	-33.292	-19.93	-46.653
1.21E+03	-32.606	-19.211	-46.002
1.22E+03	-30.881	-17.423	-44.338
1.22E+03	-27.665	-14.193	-41.136
1.22E+03	-23.287	-9.703	-36.871
1.22E+03	-18.068	-4.371	-31.766
1.22E+03	-11.954	1.833	-25.742
1.22E+03	-4.575	9.265	-18.415
1.22E+03	3.966	17.748	-9.817
1.22E+03	12.073	25.698	-1.552
1.22E+03	17.856	31.314	4.398
1.22E+03	21.633	35.151	8.115
1.23E+03	25.555	39.155	11.956
1.23E+03	30.472	44.064	16.88
1.23E+03	34.388	48.029	20.747
1.23E+03	34.764	48.468	21.059
1.23E+03	31.176	44.914	17.437
1.23E+03	24.963	38.724	11.201
1.23E+03	17.392	31.189	3.595
1.23E+03	9.18	23.009	-4.65
1.23E+03	1.597	15.53	-12.335
1.23E+03	-3.667	10.097	-17.431
1.24E+03	-6.283	7.424	-19.99
1.24E+03	-7.295	6.312	-20.902
1.24E+03	-7.718	5.855	-21.292
1.24E+03	-8.077	5.431	-21.585
1.24E+03	-8.356	5.15	-21.863
1.24E+03	-8.386	5.107	-21.878
1.24E+03	-9.403	4.154	-22.961
1.24E+03	-14.207	-0.544	-27.87
1.24E+03	-24.297	-10.524	-38.07
1.24E+03	-37.69	-23.842	-51.538
1.25E+03	-50.167	-36.207	-64.127
1.25E+03	-58.447	-44.719	-72.175
1.25E+03	-62.197	-48.638	-75.757
1.25E+03	-62.874	-49.506	-76.242
1.25E+03	-61.086	-47.724	-74.448
1.25E+03	-56.578	-43.035	-70.121
1.25E+03	-50.502	-36.983	-64.021
1.25E+03	-45.241	-31.729	-58.753
1.25E+03	-41.654	-28.111	-55.196
1.25E+03	-38.727	-25.179	-52.274
1.26E+03	-35.678	-22.131	-49.225
1.26E+03	-31.999	-18.435	-45.563
1.26E+03	-26.691	-13.083	-40.299
1.26E+03	-19.872	-6.189	-33.555
1.26E+03	-13.398	0.232	-27.028
1.26E+03	-8.962	4.643	-22.568
1.26E+03	-6.967	6.634	-20.568
1.26E+03	-6.719	6.881	-20.318
1.26E+03	-7.333	6.349	-21.015
1.26E+03	-8.383	5.234	-22
1.27E+03	-8.58	4.996	-22.156
1.27E+03	-5.675	7.998	-19.347
1.27E+03	0.358	13.887	-13.171
1.27E+03	6.37	19.845	-7.105
1.27E+03	9.389	22.805	-4.027
1.27E+03	9.279	22.621	-4.064
1.27E+03	7.88	21.258	-5.499
1.27E+03	6.778	20.223	-6.666
1.27E+03	6.502	20.043	-7.04
1.27E+03	7.147	20.591	-6.297
1.28E+03	8.806	22.194	-4.582
1.28E+03	11.201	24.612	-2.21
1.28E+03	13.507	26.968	0.047
1.28E+03	14.637	28.079	1.194
1.28E+03	13.483	26.996	-0.03
1.28E+03	9.846	23.488	-3.795
1.28E+03	5.576	19.226	-8.074
1.28E+03	3.068	16.642	-10.505
1.28E+03	2.081	15.553	-11.392
1.28E+03	-0.5	12.928	-13.927
1.29E+03	-7.68	5.766	-21.125
1.29E+03	-19.524	-6.027	-33.02
1.29E+03	-32.355	-18.849	-45.862
1.29E+03	-41.209	-27.791	-54.627
1.29E+03	-44.125	-30.663	-57.587
1.29E+03	-43.311	-29.813	-56.81
1.29E+03	-41.664	-28.232	-55.095
1.29E+03	-39.872	-26.46	-53.284
1.29E+03	-37.588	-24.135	-51.04
1.29E+03	-34.913	-21.44	-48.385
1.30E+03	-31.454	-17.96	-44.949
1.30E+03	-25.687	-12.147	-39.227
1.30E+03	-16.506	-2.869	-30.143
1.30E+03	-5.33	8.21	-18.87
1.30E+03	3.937	17.503	-9.628
1.30E+03	8.325	21.851	-5.2
1.30E+03	8.841	22.344	-4.661
1.30E+03	8.582	22.084	-4.92
1.30E+03	8.995	22.453	-4.463
1.30E+03	9.721	23.311	-3.869
1.31E+03	10.384	23.999	-3.232
1.31E+03	11.074	24.805	-2.658
1.31E+03	12.1	25.769	-1.568
1.31E+03	12.946	26.465	-0.573
1.31E+03	12.463	26.05	-1.124
1.31E+03	11.143	24.762	-2.475
1.31E+03	10.423	24.151	-3.304
1.31E+03	10.335	24.064	-3.394
1.31E+03	10.2	23.963	-3.563
1.31E+03	9.825	23.651	-4.001
1.32E+03	9.346	23.105	-4.413
1.32E+03	8.865	22.551	-4.822
1.32E+03	8.143	21.756	-5.471
1.32E+03	6.733	20.402	-6.936
1.32E+03	4.365	17.98	-9.25
1.32E+03	1.094	14.738	-12.55
1.32E+03	-2.58	11.018	-16.178
1.32E+03	-5.527	8.033	-19.087
1.32E+03	-6.635	6.843	-20.114
1.32E+03	-6.01	7.393	-19.413
1.33E+03	-4.561	8.807	-17.928
1.33E+03	-2.376	11.058	-15.809
1.33E+03	1.242	14.918	-12.435
1.33E+03	6.376	20.174	-7.423
1.33E+03	12.066	25.849	-1.717
1.33E+03	16.627	30.423	2.83
1.33E+03	18.04	31.707	4.373
1.33E+03	15.158	28.662	1.655
1.33E+03	8.53	22.098	-5.037
1.33E+03	0.411	13.985	-13.163
1.34E+03	-5.168	8.419	-18.755
1.34E+03	-4.636	9.121	-18.392
1.34E+03	1.71	15.563	-12.142
1.34E+03	10.016	23.836	-3.804
1.34E+03	16.218	29.982	2.454
1.34E+03	18.327	31.972	4.682
1.34E+03	15.725	29.418	2.032
1.34E+03	8.362	21.978	-5.254
1.34E+03	-1.869	11.75	-15.489
1.34E+03	-11.531	2.112	-25.175
1.35E+03	-18.197	-4.597	-31.798
1.35E+03	-20.839	-7.256	-34.421
1.35E+03	-19.2	-5.552	-32.848
1.35E+03	-13.915	-0.18	-27.65
1.35E+03	-6.646	7.051	-20.344
1.35E+03	0.047	13.755	-13.661
1.35E+03	4	17.655	-9.655
1.35E+03	5.254	19.05	-8.542
1.35E+03	6.253	20.035	-7.529
1.35E+03	9.411	23.219	-4.397
1.36E+03	14.682	28.378	0.987
1.36E+03	19.803	33.356	6.25
1.36E+03	22.241	35.77	8.712
1.36E+03	21.594	35.152	8.037
1.36E+03	20.116	33.833	6.399
1.36E+03	20.036	33.749	6.323
1.36E+03	21.017	34.721	7.313
1.36E+03	20.404	33.968	6.84
1.36E+03	15.923	29.467	2.378
1.36E+03	7.924	21.493	-5.644
1.37E+03	-1.535	12.219	-15.288
1.37E+03	-10.309	3.27	-23.888
1.37E+03	-16.095	-2.401	-29.789
1.37E+03	-17.364	-3.786	-30.942
1.37E+03	-15.215	-1.689	-28.741
1.37E+03	-11.971	1.592	-25.533
1.37E+03	-7.872	5.815	-21.559
1.37E+03	-1.143	12.69	-14.976
1.37E+03	8.987	22.952	-4.977
1.37E+03	20.974	35.033	6.915
1.38E+03	32.287	46.218	18.356
1.38E+03	39.941	53.68	26.202
1.38E+03	40.658	54.385	26.932
1.38E+03	33.591	47.36	19.821
1.38E+03	22.479	36.448	8.51
1.38E+03	13.028	26.876	-0.821
1.38E+03	8.328	22.062	-5.406
1.38E+03	7.964	21.466	-5.539
1.38E+03	9.963	23.378	-3.451
1.38E+03	12.206	25.599	-1.187
1.39E+03	13.36	26.844	-0.125
1.39E+03	13.435	26.992	-0.121
1.39E+03	13.27	26.822	-0.281
1.39E+03	13.045	26.616	-0.526
1.39E+03	11.143	24.751	-2.465
1.39E+03	5.176	18.9	-8.549
1.39E+03	-4.945	8.902	-18.792
1.39E+03	-14.347	-0.303	-28.391
1.39E+03	-15.558	-1.482	-29.634
1.39E+03	-5.804	8.031	-19.639
1.40E+03	9.298	22.98	-4.384
1.40E+03	21.455	34.973	7.938
1.40E+03	27.65	41.071	14.229
1.40E+03	30.338	43.722	16.955
1.40E+03	32.24	45.576	18.904
1.40E+03	33.366	46.671	20.062
1.40E+03	32.642	46.03	19.254
1.40E+03	30.66	44.174	17.146
1.40E+03	29.03	42.596	15.464
1.40E+03	27.953	41.526	14.379
1.41E+03	26.625	40.157	13.093
1.41E+03	25.41	39.039	11.781
1.41E+03	25.727	39.36	12.095
1.41E+03	27.57	41.191	13.948
1.41E+03	28.741	42.443	15.04
1.41E+03	27.646	41.337	13.955
1.41E+03	25.518	39.182	11.854
1.41E+03	24.406	38.015	10.797
1.41E+03	23.793	37.319	10.267
1.41E+03	21.113	34.616	7.61
1.42E+03	15.426	29.058	1.794
1.42E+03	9.154	22.905	-4.596
1.42E+03	5.419	19.185	-8.346
1.42E+03	4.023	17.699	-9.654
1.42E+03	1.381	15.023	-12.262
1.42E+03	-5.319	8.395	-19.032
1.42E+03	-14.698	-1.141	-28.256
1.42E+03	-22.574	-9.068	-36.08
1.42E+03	-25.97	-12.539	-39.401
1.42E+03	-24.702	-11.287	-38.117
1.43E+03	-21.43	-7.857	-35.004
1.43E+03	-20.082	-6.548	-33.617
1.43E+03	-21.935	-8.325	-35.546
1.43E+03	-25.294	-11.48	-39.107
1.43E+03	-28.723	-14.837	-42.608
1.43E+03	-32.197	-18.421	-45.974
1.43E+03	-36.171	-22.503	-49.84
1.43E+03	-40.086	-26.476	-53.697
1.43E+03	-42.127	-28.554	-55.7
1.43E+03	-41.546	-27.954	-55.139
1.44E+03	-39.636	-26.049	-53.222
1.44E+03	-37.247	-23.772	-50.723
1.44E+03	-34.1	-20.579	-47.62
1.44E+03	-30.418	-16.955	-43.882
1.44E+03	-26.145	-12.413	-39.877
1.44E+03	-20.618	-6.819	-34.417
1.44E+03	-15.477	-1.703	-29.25
1.44E+03	-14.242	-0.536	-27.949
1.44E+03	-17.611	-3.901	-31.321
1.44E+03	-23.08	-9.345	-36.815
1.45E+03	-28.536	-14.822	-42.251
1.45E+03	-32.281	-18.446	-46.116
1.45E+03	-31.835	-17.75	-45.921
1.45E+03	-26.528	-12.673	-40.383
1.45E+03	-19.791	-6.155	-33.427
1.45E+03	-16.662	-3.171	-30.153
1.45E+03	-19.202	-5.74	-32.663
1.45E+03	-25.477	-12.02	-38.934
1.45E+03	-32.438	-18.978	-45.899
1.45E+03	-38.157	-24.695	-51.619
1.46E+03	-41.864	-28.496	-55.232
1.46E+03	-43.563	-30.264	-56.862
1.46E+03	-43.334	-29.949	-56.72
1.46E+03	-40.711	-27.28	-54.142
1.46E+03	-35.709	-22.202	-49.216
1.46E+03	-29.795	-16.333	-43.257
1.46E+03	-25.26	-11.764	-38.755
1.46E+03	-24.303	-10.745	-37.862
1.46E+03	-28.086	-14.481	-41.691
1.46E+03	-35.305	-21.605	-49.005
1.47E+03	-42.108	-28.451	-55.764
1.47E+03	-45.453	-31.851	-59.056
1.47E+03	-45.322	-31.668	-58.975
1.47E+03	-41.813	-28.002	-55.624
1.47E+03	-34.118	-20.34	-47.895
1.47E+03	-23.573	-9.865	-37.282
1.47E+03	-13.542	0.012	-27.097
1.47E+03	-6.093	7.367	-19.554
1.47E+03	-0.919	12.627	-14.465
1.47E+03	3.08	16.529	-10.368
1.48E+03	6.549	20.016	-6.919
1.48E+03	9.966	23.447	-3.515
1.48E+03	13.64	27.211	0.069
1.48E+03	16.756	30.374	3.137
1.48E+03	17.701	31.262	4.139
1.48E+03	15.522	29.303	1.741
1.48E+03	11.043	24.875	-2.788
1.48E+03	6.929	20.618	-6.76
1.48E+03	5.175	18.746	-8.397
1.48E+03	4.668	18.209	-8.874
1.49E+03	2.298	15.976	-11.381
1.49E+03	-4.384	9.415	-18.184
1.49E+03	-15.395	-1.479	-29.311
1.49E+03	-27.642	-13.487	-41.798
1.49E+03	-37.521	-23.525	-51.517
1.49E+03	-44.54	-30.847	-58.234
1.49E+03	-49.785	-36.182	-63.388
1.49E+03	-53.246	-39.751	-66.742
1.49E+03	-55.115	-41.598	-68.632
1.49E+03	-56.967	-43.472	-70.461
1.50E+03	-59.908	-46.472	-73.345
1.50E+03	-62.96	-49.429	-76.491
1.50E+03	-64.316	-50.615	-78.016
1.50E+03	-62.867	-49.058	-76.676
1.50E+03	-58.256	-44.458	-72.054
1.50E+03	-51.547	-37.892	-65.201
1.50E+03	-45.08	-31.539	-58.621
1.50E+03	-40.169	-26.671	-53.668
1.50E+03	-36.641	-23.148	-50.133
1.50E+03	-34.637	-21.006	-48.269
1.51E+03	-34.984	-21.289	-48.678
1.51E+03	-37.956	-24.199	-51.713
1.51E+03	-43.07	-29.45	-56.691
1.51E+03	-49.488	-35.915	-63.061
1.51E+03	-55.308	-41.816	-68.8
1.51E+03	-58.204	-44.736	-71.671
1.51E+03	-57.855	-44.41	-71.301
1.51E+03	-55.935	-42.562	-69.308
1.51E+03	-54.178	-40.812	-67.543
1.51E+03	-53.963	-40.569	-67.358
1.52E+03	-56.398	-42.979	-69.817
1.52E+03	-61.297	-47.796	-74.799
1.52E+03	-66.63	-53.059	-80.202
1.52E+03	-69.947	-56.335	-83.558
1.52E+03	-70.069	-56.548	-83.59
1.52E+03	-67.282	-53.802	-80.762
1.52E+03	-62.905	-49.388	-76.421
1.52E+03	-58.849	-45.404	-72.295
1.52E+03	-56.346	-42.867	-69.825
1.52E+03	-54.588	-40.983	-68.192
1.53E+03	-51.825	-38.219	-65.431
1.53E+03	-47.536	-34.048	-61.023
1.53E+03	-42.707	-29.289	-56.126
1.53E+03	-38.994	-25.554	-52.434
1.53E+03	-37.517	-24.02	-51.013
1.53E+03	-37.76	-24.191	-51.329
1.53E+03	-38.37	-24.814	-51.926
1.53E+03	-38.991	-25.528	-52.454
1.53E+03	-40.39	-26.956	-53.825
1.53E+03	-43.018	-29.67	-56.366
1.54E+03	-46.115	-32.736	-59.495
1.54E+03	-48.711	-35.262	-62.161
1.54E+03	-50.922	-37.398	-64.446
1.54E+03	-54.102	-40.564	-67.641
1.54E+03	-60.764	-47.131	-74.396
1.54E+03	-72.347	-58.64	-86.054
1.54E+03	-84.847	-70.968	-98.726
1.54E+03	-90.256	-76.511	-104.001
1.54E+03	-85.142	-71.444	-98.839
1.54E+03	-74.207	-60.637	-87.778
1.55E+03	-63.84	-50.412	-77.267
1.55E+03	-56.073	-42.738	-69.409
1.55E+03	-50.112	-36.815	-63.409
1.55E+03	-45.171	-31.872	-58.47
1.55E+03	-40.304	-26.901	-53.707
1.55E+03	-34.777	-21.211	-48.342
1.55E+03	-29.301	-15.734	-42.867
1.55E+03	-25.928	-12.339	-39.516
1.55E+03	-26.763	-13.124	-40.402
1.55E+03	-31.349	-17.664	-45.034
1.56E+03	-35.927	-22.26	-49.593
1.56E+03	-37.636	-23.926	-51.346
1.56E+03	-37.467	-23.793	-51.141
1.56E+03	-37.682	-24.008	-51.357
1.56E+03	-38.712	-24.971	-52.454
1.56E+03	-39.637	-26.019	-53.255
1.56E+03	-39.843	-26.202	-53.485
1.56E+03	-38.825	-25.111	-52.54
1.56E+03	-35.952	-21.952	-49.952
1.56E+03	-31.773	-17.925	-45.621
1.57E+03	-28.191	-14.352	-42.031
1.57E+03	-27.062	-13.435	-40.689
1.57E+03	-29.326	-15.636	-43.017
1.57E+03	-34.449	-20.844	-48.053
1.57E+03	-40.175	-26.625	-53.724
1.57E+03	-44.474	-31.052	-57.897
1.57E+03	-47.321	-33.921	-60.721
1.57E+03	-49.209	-35.757	-62.661
1.57E+03	-50.058	-36.395	-63.721
1.57E+03	-50.14	-33.146	-67.133