I: Sosdian and Rosenthal chronology (ky)
J: Sosdian and Rosenthal SL (m)

t S&R	SL S&R
153.5	-48.2
154.8	-33.2
157.2	-73.7
162.0	-23.2
171.5	-18.6
173.6	-21.6
179.5	-49.5
183.1	-48.6
187.6	-60.1
191.5	-51.5
194.2	-20.2
197.2	20.8
200.3	-6.6
205.8	11.3
211.3	34.1
226.3	-56.7
235.1	-18.3
243.3	-6.2
248.5	-107.7
255.2	-165.0
258.3	-113.0
263.9	-25.1
270.2	-64.9
272.7	-67.8
274.5	-19.0
277.3	-28.2
279.3	-33.7
281.9	-49.0
285.0	-71.9
292.1	-22.5
298.9	16.1
301.5	22.2
312.8	42.9
317.5	33.5
325.4	4.6
329.0	23.9
331.7	-71.8
342.9	-89.9
346.6	-72.1
350.0	-74.6
352.9	-87.8
357.6	-112.4
360.4	-18.9
362.4	-43.9
364.1	-22.7
368.5	-65.5
371.7	-33.4
374.8	19.0
378.7	-5.1
383.1	-3.6
386.4	-19.8
391.6	53.3
394.2	34.0
397.1	57.4
399.7	44.9
402.2	45.8
406.0	35.7
411.1	-4.9
417.0	-49.8
420.4	-45.3
422.5	-42.5
427.9	-85.8
430.5	-99.8
433.4	-75.5
436.6	-72.5
439.1	-77.4
441.8	-69.2
444.9	-82.2
448.7	-52.7
453.9	-51.3
458.7	-55.3
461.7	-44.4
465.7	-39.7
466.2	7.9
472.4	8.5
475.5	-37.7
480.8	-9.5
488.0	16.6
497.0	32.2
507.0	7.9
527.4	-20.4
536.1	-48.1
548.7	-68.0
561.3	-34.1
570.5	4.9
578.4	7.6
584.3	-23.9
588.7	-38.2
589.6	-56.7
598.2	-54.6
598.8	-15.0
601.9	22.5
602.2	-25.3
603.5	-41.9
604.2	8.8
606.2	1.3
607.6	-7.1
610.1	-43.2
611.5	11.7
612.7	25.5
614.0	-3.8
615.1	-15.1
616.4	42.5
618.9	-58.7
620.1	-69.7
625.4	-124.6
627.1	-116.5
631.3	-104.1
633.5	-111.3
637.9	-60.5
643.6	-57.2
646.4	-50.0
649.0	-71.0
657.7	-55.9
661.3	-39.6
670.3	-42.7
674.5	-22.3
682.2	-3.8
685.3	8.1
688.3	3.7
691.4	-17.3
694.4	-11.3
697.6	-27.6
703.6	2.0
707.3	-66.7
711.1	-15.6
715.0	-43.9
718.6	-54.6
724.5	-55.1
727.8	-55.8
731.2	-37.3
734.5	-42.9
737.8	-34.7
741.1	-53.7
746.8	-32.6
753.4	-46.0
757.4	-44.0
762.2	-26.8
775.1	-35.7
781.6	-31.9
786.2	-51.7
789.5	-66.9
794.1	-55.6
802.4	-65.4
805.5	-36.6
812.3	-15.3
821.8	9.8
827.1	11.7
832.9	-30.4
845.5	-1.4
851.1	39.9
863.1	30.7
869.2	-77.2
872.8	-58.6
880.6	-44.7
888.3	10.0
902.3	-77.8
908.0	-33.1
910.9	-34.3
913.3	-38.4
916.0	-22.6
924.7	40.2
928.0	4.9
932.0	13.4
935.8	2.8
939.1	34.4
942.2	8.3
945.3	10.5
948.2	21.3
954.4	11.8
963.3	-55.8
967.0	-23.0
970.5	-37.7
974.6	-18.5
978.2	-10.6
981.6	-11.5
984.9	-34.6
987.7	-10.9
990.8	8.8
994.0	-30.9
999.6	-19.5
1003.6	-23.7
1007.7	-33.8
1011.3	-12.8
1014.7	-10.5
1017.8	-1.9
1026.8	-15.8
1029.9	-47.2
1032.9	-28.6
1036.0	-65.5
1039.0	-132.8
1042.0	-86.6
1045.1	-93.6
1048.1	-58.1
1053.9	-24.2
1056.9	-29.9
1059.3	-8.8
1066.9	-1.4
1070.2	10.4
1075.6	9.8
1078.9	22.3
1082.9	-4.8
1091.2	-31.5
1095.5	-1.3
1099.2	-32.7
1104.5	21.9
1107.0	10.2
1110.0	4.5
1113.3	-36.2
1116.6	-60.5
1120.5	-42.1
1124.9	-92.9
1129.9	-40.8
1134.6	-31.0
1138.3	-9.0
1144.3	22.8
1148.4	-2.7
1152.6	12.5
1156.9	-50.9
1174.5	-53.1
1178.5	-30.2
1182.6	-28.5
1185.4	-33.0
1188.6	-68.9
1198.4	-46.7
1208.1	-44.0
1216.8	-57.3
1227.5	5.6
1231.4	17.9
1235.6	-10.8
1239.2	23.4
1242.4	-8.9
1245.4	-43.5
1248.0	-43.2
1252.2	-83.8
1254.4	-62.4
1256.0	-52.6
1258.0	-23.4
1259.6	-14.3
1266.3	-38.3
1268.5	-64.9
1270.5	-61.4
1274.8	-40.6
1280.3	-34.7
1283.8	-37.7
1300.6	-18.0
1334.7	-18.4
1345.2	-7.9
1349.2	12.8
1352.1	19.9
1355.5	29.9
1358.7	-5.5
1361.8	-76.9
1364.7	-54.2
1367.6	-48.8
1370.4	-38.3
1373.4	-47.6
1376.0	-42.3
1379.5	-40.6
1383.0	-10.8
1386.9	-1.8
1391.2	-25.2
1395.9	-21.0
1409.0	1.4
1413.4	-28.4
1417.5	-17.4
1421.5	-45.8
1427.0	-18.7
1432.4	7.5
1438.0	-20.9
1443.6	-14.4
1448.1	-49.8
1452.1	-75.2
1457.8	-58.1
1463.8	-42.1
1466.7	-15.0
1472.7	-16.9
1475.8	-29.8
1479.5	-20.5
1483.4	-36.1
1487.5	-27.4
1495.5	-62.6
1498.9	-112.1
1502.3	-73.6
1505.5	-23.1
1508.7	-66.6
1512.7	-67.6
1517.1	-60.4
1521.8	-41.3
1525.9	-108.2
1548.3	-79.4
1554.1	-21.7
1556.1	28.3
1559.6	-20.0
1568.0	-28.2
1570.6	-32.5
1573.1	-84.9
1575.3	-37.1
1579.9	-94.4
1585.1	-47.0
1587.9	-35.8
1597.5	-31.5
1601.0	10.7
1604.5	0.2
1611.6	-51.3
1615.2	-40.3
1618.7	-11.8
1622.3	-37.8
1625.8	-19.2
1629.5	8.3
1633.7	-30.2
1638.0	-45.4
1642.0	-38.6
1645.5	-66.1
1648.9	-140.2
1652.0	-60.2
1655.1	-92.2
1658.3	-81.4
1661.7	-84.3
1665.2	-46.2
1668.5	-41.4
1671.2	-23.0
1674.7	-25.2
1677.8	-23.7
1681.0	-51.6
1684.6	-62.9
1688.9	-71.4
1693.6	-89.1
1699.5	-31.6
1708.2	-28.7
1717.5	12.6
1726.5	23.5
1735.3	-44.8
1744.1	-30.6
1754.4	4.6
1757.1	-4.5
1759.4	-39.7
1779.4	8.9
1781.7	-25.7
1783.6	-53.2
1785.6	-9.7
1787.6	-25.4
1790.5	-47.5
1794.1	-12.8
1798.3	5.3
1802.8	-85.3
1807.4	-29.1
1811.7	1.9
1817.4	-39.8
1833.3	7.6
1841.6	-20.8
1848.4	-6.4
1854.7	4.3
1860.8	-43.9
1866.9	-19.3
1872.6	-53.8
1879.2	-73.2
1885.0	-38.2
1890.2	-29.1
1896.5	-17.1
1901.2	-59.3
1906.1	-45.3
1910.6	-66.0
1914.7	-19.9
1928.3	-87.1
1931.0	-110.0
1936.1	-93.9
1940.5	-94.6
1944.9	-58.7
1947.1	-75.3
1949.3	-20.3
1951.5	-30.5
1953.9	-43.4
1956.5	-95.4
1959.3	-37.4
1962.3	-11.0
1965.3	-34.6
1968.3	-18.0
1971.4	-24.2
1975.0	-41.1
1978.7	-3.5
1986.3	-18.3
1989.6	6.7
1992.5	-61.1
1995.2	-28.1
2000.1	10.7
2009.7	-15.5
2012.6	-54.0
2014.1	-44.0
2016.8	-53.2
2018.3	-23.4
2019.7	-0.9
2021.1	22.7
2022.6	-41.3
2024.5	-17.7
2026.6	-8.1
2028.4	-34.9
2035.2	-3.2
2037.5	-48.5
2040.0	-83.1
2045.2	-38.1
2047.8	-57.3
2050.4	-41.8
2066.2	-68.7
2069.2	-38.0
2072.2	-43.6
2075.1	-14.1
2078.3	-17.4
2081.2	-3.1
2084.2	-48.6
2087.2	-29.5
2089.7	-12.9
2095.9	-22.9
2102.0	-22.7
2105.0	19.8
2108.1	-15.0
2111.2	25.4
2114.2	-16.1
2117.4	-8.1
2120.6	-26.0
2136.2	24.4
2144.1	-33.1
2148.1	-25.4
2151.8	-41.4
2161.2	-35.6
2164.5	4.3
2209.8	-13.9
2213.4	-8.5
2220.2	11.5
2223.3	-4.7
2225.7	-16.0
2228.2	-3.1
2230.9	-14.2
2233.3	-32.6
2236.5	-3.7
2241.7	1.0
2253.4	-30.4
2261.5	11.8
2265.0	19.0
2272.1	-28.2
2279.1	-41.9
2282.6	-12.3
2286.1	2.6
2289.7	26.0
2293.0	-14.8
2296.4	-4.1
2299.7	-10.7
2303.1	-3.7
2306.5	-22.1
2309.9	-32.9
2316.6	1.3
2320.0	-22.6
2323.4	-35.8
2326.8	22.5
2333.8	32.3
2340.5	-19.1
2343.4	12.4
2346.1	8.0
2349.5	-31.2
2355.1	-12.8
2358.4	-18.4
2361.4	1.9
2364.4	17.6
2367.2	-3.8
2370.4	0.1
2373.5	-1.9
2377.3	-1.1
2380.3	-2.3
2383.5	-7.0
2386.8	-27.2
2389.7	-6.5
2392.6	-28.5
2394.9	-23.5
2423.5	18.7
2426.6	-49.6
2429.2	1.0
2431.8	-46.2
2434.4	-82.8
2437.3	-51.5
2440.2	-11.5
2443.1	-7.5
2445.9	-16.1
2448.7	27.7
2451.5	8.9
2454.7	-40.2
2466.0	16.2
2469.9	-6.4
2473.8	-54.2
2477.4	-1.4
2480.5	-35.2
2483.4	-123.6
2486.3	-26.8
2489.1	-50.4
2492.0	-18.0
2508.3	-69.6
2512.5	-21.8
2516.5	-57.1
2520.1	-48.1
2523.1	-54.5
2526.1	-48.3
2529.9	-40.1
2533.3	-20.0
2537.8	-28.2
2542.5	-37.2
2547.2	-28.2
2556.6	-15.7
2560.6	35.4
2565.0	-14.3
2567.5	-37.8
2576.2	-21.9
2579.1	28.1
2582.1	-21.6
2585.0	5.8
2587.8	-31.1
2590.9	-2.5
2593.1	-44.4
2595.7	-27.9
2601.8	-36.7
2609.2	-13.5
2612.1	-68.3
2615.7	21.3
2665.9	19.9
2680.0	26.0
2683.8	-18.2
2689.3	-43.5
2696.0	0.7
2698.3	9.6
2701.0	31.4
2704.0	4.4
2713.2	-35.8
2715.8	-32.1
2718.6	-39.0
2721.4	-51.2
2724.7	-47.3
2728.0	-67.3
2731.9	-83.9
2736.5	-82.0
2739.1	-37.6
2744.8	-29.3
2751.4	-46.0
2771.2	-19.8
2774.6	-51.0
2777.2	-92.6
2780.0	-16.1
2783.0	24.7
2786.2	29.1
2789.1	44.0
2792.2	4.3
2795.5	-41.7
2804.0	-53.8
2806.5	-57.3
2817.9	-103.6
2821.0	-3.4
2846.4	17.9
2859.9	9.5
2864.1	23.2
2867.9	36.6
2871.1	-39.1
2874.4	-20.3
2877.6	15.2
2895.2	31.1
2898.5	39.8
2901.9	-35.4
2905.9	-3.9
2909.4	-37.1
2919.1	-3.9
2923.5	-7.6
2927.3	29.8
2931.9	-10.4
2935.4	-7.6
2938.5	-18.4
2941.1	32.9
2943.9	-23.3
2946.9	0.9
2949.8	-40.1
2952.5	-40.8
2954.5	-19.9
2957.0	-19.8
2962.7	-58.4
2970.2	-51.6
2973.8	-37.8
2977.3	-44.8
2982.0	2.7
2985.7	-29.6
2988.9	-15.1
2991.9	-36.5
2997.1	-2.6
3000.8	-12.9
3004.4	-36.3
3009.0	-16.7
3014.0	-5.7
3022.5	12.5
3026.5	-5.0
3030.4	-4.3
3033.6	-58.4
3038.0	10.1
3042.6	-39.0
3046.2	-5.5
3049.8	-4.7
3053.8	7.1
3056.4	-37.4
3060.2	31.6
3063.1	49.8
3066.5	2.0
3070.2	-17.8
3074.1	8.4
3079.2	-11.4
3085.9	-24.1
3089.5	-23.4
3094.4	-4.6
3103.9	11.2
3107.0	-49.3
3145.5	12.7
3146.7	-41.4
3149.6	-31.8
3154.1	-24.0