 -430000.0  -119.420
 -429900.0  -119.522
 -429800.0  -119.624
 -429700.0  -119.726
 -429600.0  -119.828
 -429500.0  -119.930
 -429400.0  -120.032
 -429300.0  -120.134
 -429200.0  -120.236
 -429100.0  -120.338
 -429000.0  -120.440
 -428900.0  -120.222
 -428800.0  -120.004
 -428700.0  -119.786
 -428600.0  -119.568
 -428500.0  -119.350
 -428400.0  -119.132
 -428300.0  -118.914
 -428200.0  -118.696
 -428100.0  -118.478
 -428000.0  -118.260
 -427900.0  -118.083
 -427800.0  -117.906
 -427700.0  -117.729
 -427600.0  -117.552
 -427500.0  -117.375
 -427400.0  -117.198
 -427300.0  -117.021
 -427200.0  -116.844
 -427100.0  -116.667
 -427000.0  -116.490
 -426900.0  -115.835
 -426800.0  -115.180
 -426700.0  -114.525
 -426600.0  -113.870
 -426500.0  -113.215
 -426400.0  -112.560
 -426300.0  -111.905
 -426200.0  -111.250
 -426100.0  -110.595
 -426000.0  -109.940
 -425900.0  -108.501
 -425800.0  -107.062
 -425700.0  -105.623
 -425600.0  -104.184
 -425500.0  -102.745
 -425400.0  -101.306
 -425300.0   -99.867
 -425200.0   -98.428
 -425100.0   -96.989
 -425000.0   -95.550
 -424900.0   -93.860
 -424800.0   -92.170
 -424700.0   -90.480
 -424600.0   -88.790
 -424500.0   -87.100
 -424400.0   -85.410
 -424300.0   -83.720
 -424200.0   -82.030
 -424100.0   -80.340
 -424000.0   -78.650
 -423900.0   -78.529
 -423800.0   -78.408
 -423700.0   -78.287
 -423600.0   -78.166
 -423500.0   -78.045
 -423400.0   -77.924
 -423300.0   -77.803
 -423200.0   -77.682
 -423100.0   -77.561
 -423000.0   -77.440
 -422900.0   -76.327
 -422800.0   -75.214
 -422700.0   -74.101
 -422600.0   -72.988
 -422500.0   -71.875
 -422400.0   -70.762
 -422300.0   -69.649
 -422200.0   -68.536
 -422100.0   -67.423
 -422000.0   -66.310
 -421900.0   -66.031
 -421800.0   -65.752
 -421700.0   -65.473
 -421600.0   -65.194
 -421500.0   -64.915
 -421400.0   -64.636
 -421300.0   -64.357
 -421200.0   -64.078
 -421100.0   -63.799
 -421000.0   -63.520
 -420900.0   -62.979
 -420800.0   -62.438
 -420700.0   -61.897
 -420600.0   -61.356
 -420500.0   -60.815
 -420400.0   -60.274
 -420300.0   -59.733
 -420200.0   -59.192
 -420100.0   -58.651
 -420000.0   -58.110
 -419900.0   -57.442
 -419800.0   -56.774
 -419700.0   -56.106
 -419600.0   -55.438
 -419500.0   -54.770
 -419400.0   -54.102
 -419300.0   -53.434
 -419200.0   -52.766
 -419100.0   -52.098
 -419000.0   -51.430
 -418900.0   -50.975
 -418800.0   -50.520
 -418700.0   -50.065
 -418600.0   -49.610
 -418500.0   -49.155
 -418400.0   -48.700
 -418300.0   -48.245
 -418200.0   -47.790
 -418100.0   -47.335
 -418000.0   -46.880
 -417900.0   -45.751
 -417800.0   -44.622
 -417700.0   -43.493
 -417600.0   -42.364
 -417500.0   -41.235
 -417400.0   -40.106
 -417300.0   -38.977
 -417200.0   -37.848
 -417100.0   -36.719
 -417000.0   -35.590
 -416900.0   -35.205
 -416800.0   -34.820
 -416700.0   -34.435
 -416600.0   -34.050
 -416500.0   -33.665
 -416400.0   -33.280
 -416300.0   -32.895
 -416200.0   -32.510
 -416100.0   -32.125
 -416000.0   -31.740
 -415900.0   -31.081
 -415800.0   -30.422
 -415700.0   -29.763
 -415600.0   -29.104
 -415500.0   -28.445
 -415400.0   -27.786
 -415300.0   -27.127
 -415200.0   -26.468
 -415100.0   -25.809
 -415000.0   -25.150
 -414900.0   -24.382
 -414800.0   -23.614
 -414700.0   -22.846
 -414600.0   -22.078
 -414500.0   -21.310
 -414400.0   -20.542
 -414300.0   -19.774
 -414200.0   -19.006
 -414100.0   -18.238
 -414000.0   -17.470
 -413900.0   -16.968
 -413800.0   -16.466
 -413700.0   -15.964
 -413600.0   -15.462
 -413500.0   -14.960
 -413400.0   -14.458
 -413300.0   -13.956
 -413200.0   -13.454
 -413100.0   -12.952
 -413000.0   -12.450
 -412900.0   -12.400
 -412800.0   -12.350
 -412700.0   -12.300
 -412600.0   -12.250
 -412500.0   -12.200
 -412400.0   -12.150
 -412300.0   -12.100
 -412200.0   -12.050
 -412100.0   -12.000
 -412000.0   -11.950
 -411900.0   -11.527
 -411800.0   -11.104
 -411700.0   -10.681
 -411600.0   -10.258
 -411500.0    -9.835
 -411400.0    -9.412
 -411300.0    -8.989
 -411200.0    -8.566
 -411100.0    -8.143
 -411000.0    -7.720
 -410900.0    -7.287
 -410800.0    -6.854
 -410700.0    -6.421
 -410600.0    -5.988
 -410500.0    -5.555
 -410400.0    -5.122
 -410300.0    -4.689
 -410200.0    -4.256
 -410100.0    -3.823
 -410000.0    -3.390
 -409900.0    -2.507
 -409800.0    -1.624
 -409700.0    -0.741
 -409600.0     0.142
 -409500.0     1.025
 -409400.0     1.908
 -409300.0     2.791
 -409200.0     3.674
 -409100.0     4.557
 -409000.0     5.440
 -408900.0     5.675
 -408800.0     5.910
 -408700.0     6.145
 -408600.0     6.380
 -408500.0     6.615
 -408400.0     6.850
 -408300.0     7.085
 -408200.0     7.320
 -408100.0     7.555
 -408000.0     7.790
 -407900.0     8.036
 -407800.0     8.282
 -407700.0     8.528
 -407600.0     8.774
 -407500.0     9.020
 -407400.0     9.266
 -407300.0     9.512
 -407200.0     9.758
 -407100.0    10.004
 -407000.0    10.250
 -406900.0    10.342
 -406800.0    10.434
 -406700.0    10.526
 -406600.0    10.618
 -406500.0    10.710
 -406400.0    10.802
 -406300.0    10.894
 -406200.0    10.986
 -406100.0    11.078
 -406000.0    11.170
 -405900.0    11.339
 -405800.0    11.508
 -405700.0    11.677
 -405600.0    11.846
 -405500.0    12.015
 -405400.0    12.184
 -405300.0    12.353
 -405200.0    12.522
 -405100.0    12.691
 -405000.0    12.860
 -404900.0    13.170
 -404800.0    13.480
 -404700.0    13.790
 -404600.0    14.100
 -404500.0    14.410
 -404400.0    14.720
 -404300.0    15.030
 -404200.0    15.340
 -404100.0    15.650
 -404000.0    15.960
 -403900.0    15.820
 -403800.0    15.680
 -403700.0    15.540
 -403600.0    15.400
 -403500.0    15.260
 -403400.0    15.120
 -403300.0    14.980
 -403200.0    14.840
 -403100.0    14.700
 -403000.0    14.560
 -402900.0    14.405
 -402800.0    14.250
 -402700.0    14.095
 -402600.0    13.940
 -402500.0    13.785
 -402400.0    13.630
 -402300.0    13.475
 -402200.0    13.320
 -402100.0    13.165
 -402000.0    13.010
 -401900.0    13.114
 -401800.0    13.218
 -401700.0    13.322
 -401600.0    13.426
 -401500.0    13.530
 -401400.0    13.634
 -401300.0    13.738
 -401200.0    13.842
 -401100.0    13.946
 -401000.0    14.050
 -400900.0    14.104
 -400800.0    14.158
 -400700.0    14.212
 -400600.0    14.266
 -400500.0    14.320
 -400400.0    14.374
 -400300.0    14.428
 -400200.0    14.482
 -400100.0    14.536
 -400000.0    14.590
 -399900.0    14.155
 -399800.0    13.720
 -399700.0    13.285
 -399600.0    12.850
 -399500.0    12.415
 -399400.0    11.980
 -399300.0    11.545
 -399200.0    11.110
 -399100.0    10.675
 -399000.0    10.240
 -398900.0     9.534
 -398800.0     8.828
 -398700.0     8.122
 -398600.0     7.416
 -398500.0     6.710
 -398400.0     6.004
 -398300.0     5.298
 -398200.0     4.592
 -398100.0     3.886
 -398000.0     3.180
 -397900.0     2.760
 -397800.0     2.340
 -397700.0     1.920
 -397600.0     1.500
 -397500.0     1.080
 -397400.0     0.660
 -397300.0     0.240
 -397200.0    -0.180
 -397100.0    -0.600
 -397000.0    -1.020
 -396900.0    -1.234
 -396800.0    -1.448
 -396700.0    -1.662
 -396600.0    -1.876
 -396500.0    -2.090
 -396400.0    -2.304
 -396300.0    -2.518
 -396200.0    -2.732
 -396100.0    -2.946
 -396000.0    -3.160
 -395900.0    -3.266
 -395800.0    -3.372
 -395700.0    -3.478
 -395600.0    -3.584
 -395500.0    -3.690
 -395400.0    -3.796
 -395300.0    -3.902
 -395200.0    -4.008
 -395100.0    -4.114
 -395000.0    -4.220
 -394900.0    -4.451
 -394800.0    -4.682
 -394700.0    -4.913
 -394600.0    -5.144
 -394500.0    -5.375
 -394400.0    -5.606
 -394300.0    -5.837
 -394200.0    -6.068
 -394100.0    -6.299
 -394000.0    -6.530
 -393900.0    -6.851
 -393800.0    -7.172
 -393700.0    -7.493
 -393600.0    -7.814
 -393500.0    -8.135
 -393400.0    -8.456
 -393300.0    -8.777
 -393200.0    -9.098
 -393100.0    -9.419
 -393000.0    -9.740
 -392900.0   -10.557
 -392800.0   -11.374
 -392700.0   -12.191
 -392600.0   -13.008
 -392500.0   -13.825
 -392400.0   -14.642
 -392300.0   -15.459
 -392200.0   -16.276
 -392100.0   -17.093
 -392000.0   -17.910
 -391900.0   -18.459
 -391800.0   -19.008
 -391700.0   -19.557
 -391600.0   -20.106
 -391500.0   -20.655
 -391400.0   -21.204
 -391300.0   -21.753
 -391200.0   -22.302
 -391100.0   -22.851
 -391000.0   -23.400
 -390900.0   -23.900
 -390800.0   -24.400
 -390700.0   -24.900
 -390600.0   -25.400
 -390500.0   -25.900
 -390400.0   -26.400
 -390300.0   -26.900
 -390200.0   -27.400
 -390100.0   -27.900
 -390000.0   -28.400
 -389900.0   -28.183
 -389800.0   -27.966
 -389700.0   -27.749
 -389600.0   -27.532
 -389500.0   -27.315
 -389400.0   -27.098
 -389300.0   -26.881
 -389200.0   -26.664
 -389100.0   -26.447
 -389000.0   -26.230
 -388900.0   -25.772
 -388800.0   -25.314
 -388700.0   -24.856
 -388600.0   -24.398
 -388500.0   -23.940
 -388400.0   -23.482
 -388300.0   -23.024
 -388200.0   -22.566
 -388100.0   -22.108
 -388000.0   -21.650
 -387900.0   -21.392
 -387800.0   -21.134
 -387700.0   -20.876
 -387600.0   -20.618
 -387500.0   -20.360
 -387400.0   -20.102
 -387300.0   -19.844
 -387200.0   -19.586
 -387100.0   -19.328
 -387000.0   -19.070
 -386900.0   -19.383
 -386800.0   -19.696
 -386700.0   -20.009
 -386600.0   -20.322
 -386500.0   -20.635
 -386400.0   -20.948
 -386300.0   -21.261
 -386200.0   -21.574
 -386100.0   -21.887
 -386000.0   -22.200
 -385900.0   -22.487
 -385800.0   -22.774
 -385700.0   -23.061
 -385600.0   -23.348
 -385500.0   -23.635
 -385400.0   -23.922
 -385300.0   -24.209
 -385200.0   -24.496
 -385100.0   -24.783
 -385000.0   -25.070
 -384900.0   -25.291
 -384800.0   -25.512
 -384700.0   -25.733
 -384600.0   -25.954
 -384500.0   -26.175
 -384400.0   -26.396
 -384300.0   -26.617
 -384200.0   -26.838
 -384100.0   -27.059
 -384000.0   -27.280
 -383900.0   -27.336
 -383800.0   -27.392
 -383700.0   -27.448
 -383600.0   -27.504
 -383500.0   -27.560
 -383400.0   -27.616
 -383300.0   -27.672
 -383200.0   -27.728
 -383100.0   -27.784
 -383000.0   -27.840
 -382900.0   -27.946
 -382800.0   -28.052
 -382700.0   -28.158
 -382600.0   -28.264
 -382500.0   -28.370
 -382400.0   -28.476
 -382300.0   -28.582
 -382200.0   -28.688
 -382100.0   -28.794
 -382000.0   -28.900
 -381900.0   -28.410
 -381800.0   -27.920
 -381700.0   -27.430
 -381600.0   -26.940
 -381500.0   -26.450
 -381400.0   -25.960
 -381300.0   -25.470
 -381200.0   -24.980
 -381100.0   -24.490
 -381000.0   -24.000
 -380900.0   -24.252
 -380800.0   -24.504
 -380700.0   -24.756
 -380600.0   -25.008
 -380500.0   -25.260
 -380400.0   -25.512
 -380300.0   -25.764
 -380200.0   -26.016
 -380100.0   -26.268
 -380000.0   -26.520
 -379900.0   -27.647
 -379800.0   -28.774
 -379700.0   -29.901
 -379600.0   -31.028
 -379500.0   -32.155
 -379400.0   -33.282
 -379300.0   -34.409
 -379200.0   -35.536
 -379100.0   -36.663
 -379000.0   -37.790
 -378900.0   -38.967
 -378800.0   -40.144
 -378700.0   -41.321
 -378600.0   -42.498
 -378500.0   -43.675
 -378400.0   -44.852
 -378300.0   -46.029
 -378200.0   -47.206
 -378100.0   -48.383
 -378000.0   -49.560
 -377900.0   -49.626
 -377800.0   -49.692
 -377700.0   -49.758
 -377600.0   -49.824
 -377500.0   -49.890
 -377400.0   -49.956
 -377300.0   -50.022
 -377200.0   -50.088
 -377100.0   -50.154
 -377000.0   -50.220
 -376900.0   -50.023
 -376800.0   -49.826
 -376700.0   -49.629
 -376600.0   -49.432
 -376500.0   -49.235
 -376400.0   -49.038
 -376300.0   -48.841
 -376200.0   -48.644
 -376100.0   -48.447
 -376000.0   -48.250
 -375900.0   -48.445
 -375800.0   -48.640
 -375700.0   -48.835
 -375600.0   -49.030
 -375500.0   -49.225
 -375400.0   -49.420
 -375300.0   -49.615
 -375200.0   -49.810
 -375100.0   -50.005
 -375000.0   -50.200
 -374900.0   -49.929
 -374800.0   -49.658
 -374700.0   -49.387
 -374600.0   -49.116
 -374500.0   -48.845
 -374400.0   -48.574
 -374300.0   -48.303
 -374200.0   -48.032
 -374100.0   -47.761
 -374000.0   -47.490
 -373900.0   -47.588
 -373800.0   -47.686
 -373700.0   -47.784
 -373600.0   -47.882
 -373500.0   -47.980
 -373400.0   -48.078
 -373300.0   -48.176
 -373200.0   -48.274
 -373100.0   -48.372
 -373000.0   -48.470
 -372900.0   -48.309
 -372800.0   -48.148
 -372700.0   -47.987
 -372600.0   -47.826
 -372500.0   -47.665
 -372400.0   -47.504
 -372300.0   -47.343
 -372200.0   -47.182
 -372100.0   -47.021
 -372000.0   -46.860
 -371900.0   -47.096
 -371800.0   -47.332
 -371700.0   -47.568
 -371600.0   -47.804
 -371500.0   -48.040
 -371400.0   -48.276
 -371300.0   -48.512
 -371200.0   -48.748
 -371100.0   -48.984
 -371000.0   -49.220
 -370900.0   -49.228
 -370800.0   -49.236
 -370700.0   -49.244
 -370600.0   -49.252
 -370500.0   -49.260
 -370400.0   -49.268
 -370300.0   -49.276
 -370200.0   -49.284
 -370100.0   -49.292
 -370000.0   -49.300
 -369900.0   -49.170
 -369800.0   -49.040
 -369700.0   -48.910
 -369600.0   -48.780
 -369500.0   -48.650
 -369400.0   -48.520
 -369300.0   -48.390
 -369200.0   -48.260
 -369100.0   -48.130
 -369000.0   -48.000
 -368900.0   -48.122
 -368800.0   -48.244
 -368700.0   -48.366
 -368600.0   -48.488
 -368500.0   -48.610
 -368400.0   -48.732
 -368300.0   -48.854
 -368200.0   -48.976
 -368100.0   -49.098
 -368000.0   -49.220
 -367900.0   -49.343
 -367800.0   -49.466
 -367700.0   -49.589
 -367600.0   -49.712
 -367500.0   -49.835
 -367400.0   -49.958
 -367300.0   -50.081
 -367200.0   -50.204
 -367100.0   -50.327
 -367000.0   -50.450
 -366900.0   -51.131
 -366800.0   -51.812
 -366700.0   -52.493
 -366600.0   -53.174
 -366500.0   -53.855
 -366400.0   -54.536
 -366300.0   -55.217
 -366200.0   -55.898
 -366100.0   -56.579
 -366000.0   -57.260
 -365900.0   -58.044
 -365800.0   -58.828
 -365700.0   -59.612
 -365600.0   -60.396
 -365500.0   -61.180
 -365400.0   -61.964
 -365300.0   -62.748
 -365200.0   -63.532
 -365100.0   -64.316
 -365000.0   -65.100
 -364900.0   -65.230
 -364800.0   -65.360
 -364700.0   -65.490
 -364600.0   -65.620
 -364500.0   -65.750
 -364400.0   -65.880
 -364300.0   -66.010
 -364200.0   -66.140
 -364100.0   -66.270
 -364000.0   -66.400
 -363900.0   -66.367
 -363800.0   -66.334
 -363700.0   -66.301
 -363600.0   -66.268
 -363500.0   -66.235
 -363400.0   -66.202
 -363300.0   -66.169
 -363200.0   -66.136
 -363100.0   -66.103
 -363000.0   -66.070
 -362900.0   -66.578
 -362800.0   -67.086
 -362700.0   -67.594
 -362600.0   -68.102
 -362500.0   -68.610
 -362400.0   -69.118
 -362300.0   -69.626
 -362200.0   -70.134
 -362100.0   -70.642
 -362000.0   -71.150
 -361900.0   -71.923
 -361800.0   -72.696
 -361700.0   -73.469
 -361600.0   -74.242
 -361500.0   -75.015
 -361400.0   -75.788
 -361300.0   -76.561
 -361200.0   -77.334
 -361100.0   -78.107
 -361000.0   -78.880
 -360900.0   -79.469
 -360800.0   -80.058
 -360700.0   -80.647
 -360600.0   -81.236
 -360500.0   -81.825
 -360400.0   -82.414
 -360300.0   -83.003
 -360200.0   -83.592
 -360100.0   -84.181
 -360000.0   -84.770
 -359900.0   -85.156
 -359800.0   -85.542
 -359700.0   -85.928
 -359600.0   -86.314
 -359500.0   -86.700
 -359400.0   -87.086
 -359300.0   -87.472
 -359200.0   -87.858
 -359100.0   -88.244
 -359000.0   -88.630
 -358900.0   -88.955
 -358800.0   -89.280
 -358700.0   -89.605
 -358600.0   -89.930
 -358500.0   -90.255
 -358400.0   -90.580
 -358300.0   -90.905
 -358200.0   -91.230
 -358100.0   -91.555
 -358000.0   -91.880
 -357900.0   -91.990
 -357800.0   -92.100
 -357700.0   -92.210
 -357600.0   -92.320
 -357500.0   -92.430
 -357400.0   -92.540
 -357300.0   -92.650
 -357200.0   -92.760
 -357100.0   -92.870
 -357000.0   -92.980
 -356900.0   -93.176
 -356800.0   -93.372
 -356700.0   -93.568
 -356600.0   -93.764
 -356500.0   -93.960
 -356400.0   -94.156
 -356300.0   -94.352
 -356200.0   -94.548
 -356100.0   -94.744
 -356000.0   -94.940
 -355900.0   -94.558
 -355800.0   -94.176
 -355700.0   -93.794
 -355600.0   -93.412
 -355500.0   -93.030
 -355400.0   -92.648
 -355300.0   -92.266
 -355200.0   -91.884
 -355100.0   -91.502
 -355000.0   -91.120
 -354900.0   -90.657
 -354800.0   -90.194
 -354700.0   -89.731
 -354600.0   -89.268
 -354500.0   -88.805
 -354400.0   -88.342
 -354300.0   -87.879
 -354200.0   -87.416
 -354100.0   -86.953
 -354000.0   -86.490
 -353900.0   -86.242
 -353800.0   -85.994
 -353700.0   -85.746
 -353600.0   -85.498
 -353500.0   -85.250
 -353400.0   -85.002
 -353300.0   -84.754
 -353200.0   -84.506
 -353100.0   -84.258
 -353000.0   -84.010
 -352900.0   -84.122
 -352800.0   -84.234
 -352700.0   -84.346
 -352600.0   -84.458
 -352500.0   -84.570
 -352400.0   -84.682
 -352300.0   -84.794
 -352200.0   -84.906
 -352100.0   -85.018
 -352000.0   -85.130
 -351900.0   -85.614
 -351800.0   -86.098
 -351700.0   -86.582
 -351600.0   -87.066
 -351500.0   -87.550
 -351400.0   -88.034
 -351300.0   -88.518
 -351200.0   -89.002
 -351100.0   -89.486
 -351000.0   -89.970
 -350900.0   -90.677
 -350800.0   -91.384
 -350700.0   -92.091
 -350600.0   -92.798
 -350500.0   -93.505
 -350400.0   -94.212
 -350300.0   -94.919
 -350200.0   -95.626
 -350100.0   -96.333
 -350000.0   -97.040
 -349900.0   -97.439
 -349800.0   -97.838
 -349700.0   -98.237
 -349600.0   -98.636
 -349500.0   -99.035
 -349400.0   -99.434
 -349300.0   -99.833
 -349200.0  -100.232
 -349100.0  -100.631
 -349000.0  -101.030
 -348900.0  -101.193
 -348800.0  -101.356
 -348700.0  -101.519
 -348600.0  -101.682
 -348500.0  -101.845
 -348400.0  -102.008
 -348300.0  -102.171
 -348200.0  -102.334
 -348100.0  -102.497
 -348000.0  -102.660
 -347900.0  -102.724
 -347800.0  -102.788
 -347700.0  -102.852
 -347600.0  -102.916
 -347500.0  -102.980
 -347400.0  -103.044
 -347300.0  -103.108
 -347200.0  -103.172
 -347100.0  -103.236
 -347000.0  -103.300
 -346900.0  -103.554
 -346800.0  -103.808
 -346700.0  -104.062
 -346600.0  -104.316
 -346500.0  -104.570
 -346400.0  -104.824
 -346300.0  -105.078
 -346200.0  -105.332
 -346100.0  -105.586
 -346000.0  -105.840
 -345900.0  -106.160
 -345800.0  -106.480
 -345700.0  -106.800
 -345600.0  -107.120
 -345500.0  -107.440
 -345400.0  -107.760
 -345300.0  -108.080
 -345200.0  -108.400
 -345100.0  -108.720
 -345000.0  -109.040
 -344900.0  -109.016
 -344800.0  -108.992
 -344700.0  -108.968
 -344600.0  -108.944
 -344500.0  -108.920
 -344400.0  -108.896
 -344300.0  -108.872
 -344200.0  -108.848
 -344100.0  -108.824
 -344000.0  -108.800
 -343900.0  -108.778
 -343800.0  -108.756
 -343700.0  -108.734
 -343600.0  -108.712
 -343500.0  -108.690
 -343400.0  -108.668
 -343300.0  -108.646
 -343200.0  -108.624
 -343100.0  -108.602
 -343000.0  -108.580
 -342900.0  -108.533
 -342800.0  -108.486
 -342700.0  -108.439
 -342600.0  -108.392
 -342500.0  -108.345
 -342400.0  -108.298
 -342300.0  -108.251
 -342200.0  -108.204
 -342100.0  -108.157
 -342000.0  -108.110
 -341900.0  -107.687
 -341800.0  -107.264
 -341700.0  -106.841
 -341600.0  -106.418
 -341500.0  -105.995
 -341400.0  -105.572
 -341300.0  -105.149
 -341200.0  -104.726
 -341100.0  -104.303
 -341000.0  -103.880
 -340900.0  -103.177
 -340800.0  -102.474
 -340700.0  -101.771
 -340600.0  -101.068
 -340500.0  -100.365
 -340400.0   -99.662
 -340300.0   -98.959
 -340200.0   -98.256
 -340100.0   -97.553
 -340000.0   -96.850
 -339900.0   -96.493
 -339800.0   -96.136
 -339700.0   -95.779
 -339600.0   -95.422
 -339500.0   -95.065
 -339400.0   -94.708
 -339300.0   -94.351
 -339200.0   -93.994
 -339100.0   -93.637
 -339000.0   -93.280
 -338900.0   -93.074
 -338800.0   -92.868
 -338700.0   -92.662
 -338600.0   -92.456
 -338500.0   -92.250
 -338400.0   -92.044
 -338300.0   -91.838
 -338200.0   -91.632
 -338100.0   -91.426
 -338000.0   -91.220
 -337900.0   -90.668
 -337800.0   -90.116
 -337700.0   -89.564
 -337600.0   -89.012
 -337500.0   -88.460
 -337400.0   -87.908
 -337300.0   -87.356
 -337200.0   -86.804
 -337100.0   -86.252
 -337000.0   -85.700
 -336900.0   -84.572
 -336800.0   -83.444
 -336700.0   -82.316
 -336600.0   -81.188
 -336500.0   -80.060
 -336400.0   -78.932
 -336300.0   -77.804
 -336200.0   -76.676
 -336100.0   -75.548
 -336000.0   -74.420
 -335900.0   -72.820
 -335800.0   -71.220
 -335700.0   -69.620
 -335600.0   -68.020
 -335500.0   -66.420
 -335400.0   -64.820
 -335300.0   -63.220
 -335200.0   -61.620
 -335100.0   -60.020
 -335000.0   -58.420
 -334900.0   -57.384
 -334800.0   -56.348
 -334700.0   -55.312
 -334600.0   -54.276
 -334500.0   -53.240
 -334400.0   -52.204
 -334300.0   -51.168
 -334200.0   -50.132
 -334100.0   -49.096
 -334000.0   -48.060
 -333900.0   -46.947
 -333800.0   -45.834
 -333700.0   -44.721
 -333600.0   -43.608
 -333500.0   -42.495
 -333400.0   -41.382
 -333300.0   -40.269
 -333200.0   -39.156
 -333100.0   -38.043
 -333000.0   -36.930
 -332900.0   -36.639
 -332800.0   -36.348
 -332700.0   -36.057
 -332600.0   -35.766
 -332500.0   -35.475
 -332400.0   -35.184
 -332300.0   -34.893
 -332200.0   -34.602
 -332100.0   -34.311
 -332000.0   -34.020
 -331900.0   -32.260
 -331800.0   -30.500
 -331700.0   -28.740
 -331600.0   -26.980
 -331500.0   -25.220
 -331400.0   -23.460
 -331300.0   -21.700
 -331200.0   -19.940
 -331100.0   -18.180
 -331000.0   -16.420
 -330900.0   -15.469
 -330800.0   -14.518
 -330700.0   -13.567
 -330600.0   -12.616
 -330500.0   -11.665
 -330400.0   -10.714
 -330300.0    -9.763
 -330200.0    -8.812
 -330100.0    -7.861
 -330000.0    -6.910
 -329900.0    -6.394
 -329800.0    -5.878
 -329700.0    -5.362
 -329600.0    -4.846
 -329500.0    -4.330
 -329400.0    -3.814
 -329300.0    -3.298
 -329200.0    -2.782
 -329100.0    -2.266
 -329000.0    -1.750
 -328900.0    -1.636
 -328800.0    -1.522
 -328700.0    -1.408
 -328600.0    -1.294
 -328500.0    -1.180
 -328400.0    -1.066
 -328300.0    -0.952
 -328200.0    -0.838
 -328100.0    -0.724
 -328000.0    -0.610
 -327900.0    -0.855
 -327800.0    -1.100
 -327700.0    -1.345
 -327600.0    -1.590
 -327500.0    -1.835
 -327400.0    -2.080
 -327300.0    -2.325
 -327200.0    -2.570
 -327100.0    -2.815
 -327000.0    -3.060
 -326900.0    -3.529
 -326800.0    -3.998
 -326700.0    -4.467
 -326600.0    -4.936
 -326500.0    -5.405
 -326400.0    -5.874
 -326300.0    -6.343
 -326200.0    -6.812
 -326100.0    -7.281
 -326000.0    -7.750
 -325900.0    -7.752
 -325800.0    -7.754
 -325700.0    -7.756
 -325600.0    -7.758
 -325500.0    -7.760
 -325400.0    -7.762
 -325300.0    -7.764
 -325200.0    -7.766
 -325100.0    -7.768
 -325000.0    -7.770
 -324900.0    -7.253
 -324800.0    -6.736
 -324700.0    -6.219
 -324600.0    -5.702
 -324500.0    -5.185
 -324400.0    -4.668
 -324300.0    -4.151
 -324200.0    -3.634
 -324100.0    -3.117
 -324000.0    -2.600
 -323900.0    -2.411
 -323800.0    -2.222
 -323700.0    -2.033
 -323600.0    -1.844
 -323500.0    -1.655
 -323400.0    -1.466
 -323300.0    -1.277
 -323200.0    -1.088
 -323100.0    -0.899
 -323000.0    -0.710
 -322900.0    -0.890
 -322800.0    -1.070
 -322700.0    -1.250
 -322600.0    -1.430
 -322500.0    -1.610
 -322400.0    -1.790
 -322300.0    -1.970
 -322200.0    -2.150
 -322100.0    -2.330
 -322000.0    -2.510
 -321900.0    -2.951
 -321800.0    -3.392
 -321700.0    -3.833
 -321600.0    -4.274
 -321500.0    -4.715
 -321400.0    -5.156
 -321300.0    -5.597
 -321200.0    -6.038
 -321100.0    -6.479
 -321000.0    -6.920
 -320900.0    -7.072
 -320800.0    -7.224
 -320700.0    -7.376
 -320600.0    -7.528
 -320500.0    -7.680
 -320400.0    -7.832
 -320300.0    -7.984
 -320200.0    -8.136
 -320100.0    -8.288
 -320000.0    -8.440
 -319900.0    -8.727
 -319800.0    -9.014
 -319700.0    -9.301
 -319600.0    -9.588
 -319500.0    -9.875
 -319400.0   -10.162
 -319300.0   -10.449
 -319200.0   -10.736
 -319100.0   -11.023
 -319000.0   -11.310
 -318900.0   -11.267
 -318800.0   -11.224
 -318700.0   -11.181
 -318600.0   -11.138
 -318500.0   -11.095
 -318400.0   -11.052
 -318300.0   -11.009
 -318200.0   -10.966
 -318100.0   -10.923
 -318000.0   -10.880
 -317900.0   -10.837
 -317800.0   -10.794
 -317700.0   -10.751
 -317600.0   -10.708
 -317500.0   -10.665
 -317400.0   -10.622
 -317300.0   -10.579
 -317200.0   -10.536
 -317100.0   -10.493
 -317000.0   -10.450
 -316900.0   -10.390
 -316800.0   -10.330
 -316700.0   -10.270
 -316600.0   -10.210
 -316500.0   -10.150
 -316400.0   -10.090
 -316300.0   -10.030
 -316200.0    -9.970
 -316100.0    -9.910
 -316000.0    -9.850
 -315900.0   -10.077
 -315800.0   -10.304
 -315700.0   -10.531
 -315600.0   -10.758
 -315500.0   -10.985
 -315400.0   -11.212
 -315300.0   -11.439
 -315200.0   -11.666
 -315100.0   -11.893
 -315000.0   -12.120
 -314900.0   -12.147
 -314800.0   -12.174
 -314700.0   -12.201
 -314600.0   -12.228
 -314500.0   -12.255
 -314400.0   -12.282
 -314300.0   -12.309
 -314200.0   -12.336
 -314100.0   -12.363
 -314000.0   -12.390
 -313900.0   -12.993
 -313800.0   -13.596
 -313700.0   -14.199
 -313600.0   -14.802
 -313500.0   -15.405
 -313400.0   -16.008
 -313300.0   -16.611
 -313200.0   -17.214
 -313100.0   -17.817
 -313000.0   -18.420
 -312900.0   -18.766
 -312800.0   -19.112
 -312700.0   -19.458
 -312600.0   -19.804
 -312500.0   -20.150
 -312400.0   -20.496
 -312300.0   -20.842
 -312200.0   -21.188
 -312100.0   -21.534
 -312000.0   -21.880
 -311900.0   -21.914
 -311800.0   -21.948
 -311700.0   -21.982
 -311600.0   -22.016
 -311500.0   -22.050
 -311400.0   -22.084
 -311300.0   -22.118
 -311200.0   -22.152
 -311100.0   -22.186
 -311000.0   -22.220
 -310900.0   -22.408
 -310800.0   -22.596
 -310700.0   -22.784
 -310600.0   -22.972
 -310500.0   -23.160
 -310400.0   -23.348
 -310300.0   -23.536
 -310200.0   -23.724
 -310100.0   -23.912
 -310000.0   -24.100
 -309900.0   -24.480
 -309800.0   -24.860
 -309700.0   -25.240
 -309600.0   -25.620
 -309500.0   -26.000
 -309400.0   -26.380
 -309300.0   -26.760
 -309200.0   -27.140
 -309100.0   -27.520
 -309000.0   -27.900
 -308900.0   -28.217
 -308800.0   -28.534
 -308700.0   -28.851
 -308600.0   -29.168
 -308500.0   -29.485
 -308400.0   -29.802
 -308300.0   -30.119
 -308200.0   -30.436
 -308100.0   -30.753
 -308000.0   -31.070
 -307900.0   -31.018
 -307800.0   -30.966
 -307700.0   -30.914
 -307600.0   -30.862
 -307500.0   -30.810
 -307400.0   -30.758
 -307300.0   -30.706
 -307200.0   -30.654
 -307100.0   -30.602
 -307000.0   -30.550
 -306900.0   -31.073
 -306800.0   -31.596
 -306700.0   -32.119
 -306600.0   -32.642
 -306500.0   -33.165
 -306400.0   -33.688
 -306300.0   -34.211
 -306200.0   -34.734
 -306100.0   -35.257
 -306000.0   -35.780
 -305900.0   -36.144
 -305800.0   -36.508
 -305700.0   -36.872
 -305600.0   -37.236
 -305500.0   -37.600
 -305400.0   -37.964
 -305300.0   -38.328
 -305200.0   -38.692
 -305100.0   -39.056
 -305000.0   -39.420
 -304900.0   -39.013
 -304800.0   -38.606
 -304700.0   -38.199
 -304600.0   -37.792
 -304500.0   -37.385
 -304400.0   -36.978
 -304300.0   -36.571
 -304200.0   -36.164
 -304100.0   -35.757
 -304000.0   -35.350
 -303900.0   -35.121
 -303800.0   -34.892
 -303700.0   -34.663
 -303600.0   -34.434
 -303500.0   -34.205
 -303400.0   -33.976
 -303300.0   -33.747
 -303200.0   -33.518
 -303100.0   -33.289
 -303000.0   -33.060
 -302900.0   -33.555
 -302800.0   -34.050
 -302700.0   -34.545
 -302600.0   -35.040
 -302500.0   -35.535
 -302400.0   -36.030
 -302300.0   -36.525
 -302200.0   -37.020
 -302100.0   -37.515
 -302000.0   -38.010
 -301900.0   -38.168
 -301800.0   -38.326
 -301700.0   -38.484
 -301600.0   -38.642
 -301500.0   -38.800
 -301400.0   -38.958
 -301300.0   -39.116
 -301200.0   -39.274
 -301100.0   -39.432
 -301000.0   -39.590
 -300900.0   -39.919
 -300800.0   -40.248
 -300700.0   -40.577
 -300600.0   -40.906
 -300500.0   -41.235
 -300400.0   -41.564
 -300300.0   -41.893
 -300200.0   -42.222
 -300100.0   -42.551
 -300000.0   -42.880
 -299900.0   -43.125
 -299800.0   -43.370
 -299700.0   -43.615
 -299600.0   -43.860
 -299500.0   -44.105
 -299400.0   -44.350
 -299300.0   -44.595
 -299200.0   -44.840
 -299100.0   -45.085
 -299000.0   -45.330
 -298900.0   -45.557
 -298800.0   -45.784
 -298700.0   -46.011
 -298600.0   -46.238
 -298500.0   -46.465
 -298400.0   -46.692
 -298300.0   -46.919
 -298200.0   -47.146
 -298100.0   -47.373
 -298000.0   -47.600
 -297900.0   -47.675
 -297800.0   -47.750
 -297700.0   -47.825
 -297600.0   -47.900
 -297500.0   -47.975
 -297400.0   -48.050
 -297300.0   -48.125
 -297200.0   -48.200
 -297100.0   -48.275
 -297000.0   -48.350
 -296900.0   -48.410
 -296800.0   -48.470
 -296700.0   -48.530
 -296600.0   -48.590
 -296500.0   -48.650
 -296400.0   -48.710
 -296300.0   -48.770
 -296200.0   -48.830
 -296100.0   -48.890
 -296000.0   -48.950
 -295900.0   -49.295
 -295800.0   -49.640
 -295700.0   -49.985
 -295600.0   -50.330
 -295500.0   -50.675
 -295400.0   -51.020
 -295300.0   -51.365
 -295200.0   -51.710
 -295100.0   -52.055
 -295000.0   -52.400
 -294900.0   -52.483
 -294800.0   -52.566
 -294700.0   -52.649
 -294600.0   -52.732
 -294500.0   -52.815
 -294400.0   -52.898
 -294300.0   -52.981
 -294200.0   -53.064
 -294100.0   -53.147
 -294000.0   -53.230
 -293900.0   -53.395
 -293800.0   -53.560
 -293700.0   -53.725
 -293600.0   -53.890
 -293500.0   -54.055
 -293400.0   -54.220
 -293300.0   -54.385
 -293200.0   -54.550
 -293100.0   -54.715
 -293000.0   -54.880
 -292900.0   -55.047
 -292800.0   -55.214
 -292700.0   -55.381
 -292600.0   -55.548
 -292500.0   -55.715
 -292400.0   -55.882
 -292300.0   -56.049
 -292200.0   -56.216
 -292100.0   -56.383
 -292000.0   -56.550
 -291900.0   -56.748
 -291800.0   -56.946
 -291700.0   -57.144
 -291600.0   -57.342
 -291500.0   -57.540
 -291400.0   -57.738
 -291300.0   -57.936
 -291200.0   -58.134
 -291100.0   -58.332
 -291000.0   -58.530
 -290900.0   -58.346
 -290800.0   -58.162
 -290700.0   -57.978
 -290600.0   -57.794
 -290500.0   -57.610
 -290400.0   -57.426
 -290300.0   -57.242
 -290200.0   -57.058
 -290100.0   -56.874
 -290000.0   -56.690
 -289900.0   -56.206
 -289800.0   -55.722
 -289700.0   -55.238
 -289600.0   -54.754
 -289500.0   -54.270
 -289400.0   -53.786
 -289300.0   -53.302
 -289200.0   -52.818
 -289100.0   -52.334
 -289000.0   -51.850
 -288900.0   -50.934
 -288800.0   -50.018
 -288700.0   -49.102
 -288600.0   -48.186
 -288500.0   -47.270
 -288400.0   -46.354
 -288300.0   -45.438
 -288200.0   -44.522
 -288100.0   -43.606
 -288000.0   -42.690
 -287900.0   -42.206
 -287800.0   -41.722
 -287700.0   -41.238
 -287600.0   -40.754
 -287500.0   -40.270
 -287400.0   -39.786
 -287300.0   -39.302
 -287200.0   -38.818
 -287100.0   -38.334
 -287000.0   -37.850
 -286900.0   -37.722
 -286800.0   -37.594
 -286700.0   -37.466
 -286600.0   -37.338
 -286500.0   -37.210
 -286400.0   -37.082
 -286300.0   -36.954
 -286200.0   -36.826
 -286100.0   -36.698
 -286000.0   -36.570
 -285900.0   -36.435
 -285800.0   -36.300
 -285700.0   -36.165
 -285600.0   -36.030
 -285500.0   -35.895
 -285400.0   -35.760
 -285300.0   -35.625
 -285200.0   -35.490
 -285100.0   -35.355
 -285000.0   -35.220
 -284900.0   -35.204
 -284800.0   -35.188
 -284700.0   -35.172
 -284600.0   -35.156
 -284500.0   -35.140
 -284400.0   -35.124
 -284300.0   -35.108
 -284200.0   -35.092
 -284100.0   -35.076
 -284000.0   -35.060
 -283900.0   -35.223
 -283800.0   -35.386
 -283700.0   -35.549
 -283600.0   -35.712
 -283500.0   -35.875
 -283400.0   -36.038
 -283300.0   -36.201
 -283200.0   -36.364
 -283100.0   -36.527
 -283000.0   -36.690
 -282900.0   -36.815
 -282800.0   -36.940
 -282700.0   -37.065
 -282600.0   -37.190
 -282500.0   -37.315
 -282400.0   -37.440
 -282300.0   -37.565
 -282200.0   -37.690
 -282100.0   -37.815
 -282000.0   -37.940
 -281900.0   -38.135
 -281800.0   -38.330
 -281700.0   -38.525
 -281600.0   -38.720
 -281500.0   -38.915
 -281400.0   -39.110
 -281300.0   -39.305
 -281200.0   -39.500
 -281100.0   -39.695
 -281000.0   -39.890
 -280900.0   -40.507
 -280800.0   -41.124
 -280700.0   -41.741
 -280600.0   -42.358
 -280500.0   -42.975
 -280400.0   -43.592
 -280300.0   -44.209
 -280200.0   -44.826
 -280100.0   -45.443
 -280000.0   -46.060
 -279900.0   -46.467
 -279800.0   -46.874
 -279700.0   -47.281
 -279600.0   -47.688
 -279500.0   -48.095
 -279400.0   -48.502
 -279300.0   -48.909
 -279200.0   -49.316
 -279100.0   -49.723
 -279000.0   -50.130
 -278900.0   -50.469
 -278800.0   -50.808
 -278700.0   -51.147
 -278600.0   -51.486
 -278500.0   -51.825
 -278400.0   -52.164
 -278300.0   -52.503
 -278200.0   -52.842
 -278100.0   -53.181
 -278000.0   -53.520
 -277900.0   -53.843
 -277800.0   -54.166
 -277700.0   -54.489
 -277600.0   -54.812
 -277500.0   -55.135
 -277400.0   -55.458
 -277300.0   -55.781
 -277200.0   -56.104
 -277100.0   -56.427
 -277000.0   -56.750
 -276900.0   -57.260
 -276800.0   -57.770
 -276700.0   -58.280
 -276600.0   -58.790
 -276500.0   -59.300
 -276400.0   -59.810
 -276300.0   -60.320
 -276200.0   -60.830
 -276100.0   -61.340
 -276000.0   -61.850
 -275900.0   -62.421
 -275800.0   -62.992
 -275700.0   -63.563
 -275600.0   -64.134
 -275500.0   -64.705
 -275400.0   -65.276
 -275300.0   -65.847
 -275200.0   -66.418
 -275100.0   -66.989
 -275000.0   -67.560
 -274900.0   -68.242
 -274800.0   -68.924
 -274700.0   -69.606
 -274600.0   -70.288
 -274500.0   -70.970
 -274400.0   -71.652
 -274300.0   -72.334
 -274200.0   -73.016
 -274100.0   -73.698
 -274000.0   -74.380
 -273900.0   -74.554
 -273800.0   -74.728
 -273700.0   -74.902
 -273600.0   -75.076
 -273500.0   -75.250
 -273400.0   -75.424
 -273300.0   -75.598
 -273200.0   -75.772
 -273100.0   -75.946
 -273000.0   -76.120
 -272900.0   -76.530
 -272800.0   -76.940
 -272700.0   -77.350
 -272600.0   -77.760
 -272500.0   -78.170
 -272400.0   -78.580
 -272300.0   -78.990
 -272200.0   -79.400
 -272100.0   -79.810
 -272000.0   -80.220
 -271900.0   -81.193
 -271800.0   -82.166
 -271700.0   -83.139
 -271600.0   -84.112
 -271500.0   -85.085
 -271400.0   -86.058
 -271300.0   -87.031
 -271200.0   -88.004
 -271100.0   -88.977
 -271000.0   -89.950
 -270900.0   -90.776
 -270800.0   -91.602
 -270700.0   -92.428
 -270600.0   -93.254
 -270500.0   -94.080
 -270400.0   -94.906
 -270300.0   -95.732
 -270200.0   -96.558
 -270100.0   -97.384
 -270000.0   -98.210
 -269900.0   -98.109
 -269800.0   -98.008
 -269700.0   -97.907
 -269600.0   -97.806
 -269500.0   -97.705
 -269400.0   -97.604
 -269300.0   -97.503
 -269200.0   -97.402
 -269100.0   -97.301
 -269000.0   -97.200
 -268900.0   -96.788
 -268800.0   -96.376
 -268700.0   -95.964
 -268600.0   -95.552
 -268500.0   -95.140
 -268400.0   -94.728
 -268300.0   -94.316
 -268200.0   -93.904
 -268100.0   -93.492
 -268000.0   -93.080
 -267900.0   -92.049
 -267800.0   -91.018
 -267700.0   -89.987
 -267600.0   -88.956
 -267500.0   -87.925
 -267400.0   -86.894
 -267300.0   -85.863
 -267200.0   -84.832
 -267100.0   -83.801
 -267000.0   -82.770
 -266900.0   -82.702
 -266800.0   -82.634
 -266700.0   -82.566
 -266600.0   -82.498
 -266500.0   -82.430
 -266400.0   -82.362
 -266300.0   -82.294
 -266200.0   -82.226
 -266100.0   -82.158
 -266000.0   -82.090
 -265900.0   -82.335
 -265800.0   -82.580
 -265700.0   -82.825
 -265600.0   -83.070
 -265500.0   -83.315
 -265400.0   -83.560
 -265300.0   -83.805
 -265200.0   -84.050
 -265100.0   -84.295
 -265000.0   -84.540
 -264900.0   -84.624
 -264800.0   -84.708
 -264700.0   -84.792
 -264600.0   -84.876
 -264500.0   -84.960
 -264400.0   -85.044
 -264300.0   -85.128
 -264200.0   -85.212
 -264100.0   -85.296
 -264000.0   -85.380
 -263900.0   -84.592
 -263800.0   -83.804
 -263700.0   -83.016
 -263600.0   -82.228
 -263500.0   -81.440
 -263400.0   -80.652
 -263300.0   -79.864
 -263200.0   -79.076
 -263100.0   -78.288
 -263000.0   -77.500
 -262900.0   -77.518
 -262800.0   -77.536
 -262700.0   -77.554
 -262600.0   -77.572
 -262500.0   -77.590
 -262400.0   -77.608
 -262300.0   -77.626
 -262200.0   -77.644
 -262100.0   -77.662
 -262000.0   -77.680
 -261900.0   -77.742
 -261800.0   -77.804
 -261700.0   -77.866
 -261600.0   -77.928
 -261500.0   -77.990
 -261400.0   -78.052
 -261300.0   -78.114
 -261200.0   -78.176
 -261100.0   -78.238
 -261000.0   -78.300
 -260900.0   -78.576
 -260800.0   -78.852
 -260700.0   -79.128
 -260600.0   -79.404
 -260500.0   -79.680
 -260400.0   -79.956
 -260300.0   -80.232
 -260200.0   -80.508
 -260100.0   -80.784
 -260000.0   -81.060
 -259900.0   -81.943
 -259800.0   -82.826
 -259700.0   -83.709
 -259600.0   -84.592
 -259500.0   -85.475
 -259400.0   -86.358
 -259300.0   -87.241
 -259200.0   -88.124
 -259100.0   -89.007
 -259000.0   -89.890
 -258900.0   -90.272
 -258800.0   -90.654
 -258700.0   -91.036
 -258600.0   -91.418
 -258500.0   -91.800
 -258400.0   -92.182
 -258300.0   -92.564
 -258200.0   -92.946
 -258100.0   -93.328
 -258000.0   -93.710
 -257900.0   -93.692
 -257800.0   -93.674
 -257700.0   -93.656
 -257600.0   -93.638
 -257500.0   -93.620
 -257400.0   -93.602
 -257300.0   -93.584
 -257200.0   -93.566
 -257100.0   -93.548
 -257000.0   -93.530
 -256900.0   -93.207
 -256800.0   -92.884
 -256700.0   -92.561
 -256600.0   -92.238
 -256500.0   -91.915
 -256400.0   -91.592
 -256300.0   -91.269
 -256200.0   -90.946
 -256100.0   -90.623
 -256000.0   -90.300
 -255900.0   -89.960
 -255800.0   -89.620
 -255700.0   -89.280
 -255600.0   -88.940
 -255500.0   -88.600
 -255400.0   -88.260
 -255300.0   -87.920
 -255200.0   -87.580
 -255100.0   -87.240
 -255000.0   -86.900
 -254900.0   -87.407
 -254800.0   -87.914
 -254700.0   -88.421
 -254600.0   -88.928
 -254500.0   -89.435
 -254400.0   -89.942
 -254300.0   -90.449
 -254200.0   -90.956
 -254100.0   -91.463
 -254000.0   -91.970
 -253900.0   -92.338
 -253800.0   -92.706
 -253700.0   -93.074
 -253600.0   -93.442
 -253500.0   -93.810
 -253400.0   -94.178
 -253300.0   -94.546
 -253200.0   -94.914
 -253100.0   -95.282
 -253000.0   -95.650
 -252900.0   -95.535
 -252800.0   -95.420
 -252700.0   -95.305
 -252600.0   -95.190
 -252500.0   -95.075
 -252400.0   -94.960
 -252300.0   -94.845
 -252200.0   -94.730
 -252100.0   -94.615
 -252000.0   -94.500
 -251900.0   -94.481
 -251800.0   -94.462
 -251700.0   -94.443
 -251600.0   -94.424
 -251500.0   -94.405
 -251400.0   -94.386
 -251300.0   -94.367
 -251200.0   -94.348
 -251100.0   -94.329
 -251000.0   -94.310
 -250900.0   -94.057
 -250800.0   -93.804
 -250700.0   -93.551
 -250600.0   -93.298
 -250500.0   -93.045
 -250400.0   -92.792
 -250300.0   -92.539
 -250200.0   -92.286
 -250100.0   -92.033
 -250000.0   -91.780
 -249900.0   -91.432
 -249800.0   -91.084
 -249700.0   -90.736
 -249600.0   -90.388
 -249500.0   -90.040
 -249400.0   -89.692
 -249300.0   -89.344
 -249200.0   -88.996
 -249100.0   -88.648
 -249000.0   -88.300
 -248900.0   -88.141
 -248800.0   -87.982
 -248700.0   -87.823
 -248600.0   -87.664
 -248500.0   -87.505
 -248400.0   -87.346
 -248300.0   -87.187
 -248200.0   -87.028
 -248100.0   -86.869
 -248000.0   -86.710
 -247900.0   -86.106
 -247800.0   -85.502
 -247700.0   -84.898
 -247600.0   -84.294
 -247500.0   -83.690
 -247400.0   -83.086
 -247300.0   -82.482
 -247200.0   -81.878
 -247100.0   -81.274
 -247000.0   -80.670
 -246900.0   -79.913
 -246800.0   -79.156
 -246700.0   -78.399
 -246600.0   -77.642
 -246500.0   -76.885
 -246400.0   -76.128
 -246300.0   -75.371
 -246200.0   -74.614
 -246100.0   -73.857
 -246000.0   -73.100
 -245900.0   -71.237
 -245800.0   -69.374
 -245700.0   -67.511
 -245600.0   -65.648
 -245500.0   -63.785
 -245400.0   -61.922
 -245300.0   -60.059
 -245200.0   -58.196
 -245100.0   -56.333
 -245000.0   -54.470
 -244900.0   -54.839
 -244800.0   -55.208
 -244700.0   -55.577
 -244600.0   -55.946
 -244500.0   -56.315
 -244400.0   -56.684
 -244300.0   -57.053
 -244200.0   -57.422
 -244100.0   -57.791
 -244000.0   -58.160
 -243900.0   -57.716
 -243800.0   -57.272
 -243700.0   -56.828
 -243600.0   -56.384
 -243500.0   -55.940
 -243400.0   -55.496
 -243300.0   -55.052
 -243200.0   -54.608
 -243100.0   -54.164
 -243000.0   -53.720
 -242900.0   -52.838
 -242800.0   -51.956
 -242700.0   -51.074
 -242600.0   -50.192
 -242500.0   -49.310
 -242400.0   -48.428
 -242300.0   -47.546
 -242200.0   -46.664
 -242100.0   -45.782
 -242000.0   -44.900
 -241900.0   -43.924
 -241800.0   -42.948
 -241700.0   -41.972
 -241600.0   -40.996
 -241500.0   -40.020
 -241400.0   -39.044
 -241300.0   -38.068
 -241200.0   -37.092
 -241100.0   -36.116
 -241000.0   -35.140
 -240900.0   -34.257
 -240800.0   -33.374
 -240700.0   -32.491
 -240600.0   -31.608
 -240500.0   -30.725
 -240400.0   -29.842
 -240300.0   -28.959
 -240200.0   -28.076
 -240100.0   -27.193
 -240000.0   -26.310
 -239900.0   -25.788
 -239800.0   -25.266
 -239700.0   -24.744
 -239600.0   -24.222
 -239500.0   -23.700
 -239400.0   -23.178
 -239300.0   -22.656
 -239200.0   -22.134
 -239100.0   -21.612
 -239000.0   -21.090
 -238900.0   -20.463
 -238800.0   -19.836
 -238700.0   -19.209
 -238600.0   -18.582
 -238500.0   -17.955
 -238400.0   -17.328
 -238300.0   -16.701
 -238200.0   -16.074
 -238100.0   -15.447
 -238000.0   -14.820
 -237900.0   -14.282
 -237800.0   -13.744
 -237700.0   -13.206
 -237600.0   -12.668
 -237500.0   -12.130
 -237400.0   -11.592
 -237300.0   -11.054
 -237200.0   -10.516
 -237100.0    -9.978
 -237000.0    -9.440
 -236900.0    -9.999
 -236800.0   -10.558
 -236700.0   -11.117
 -236600.0   -11.676
 -236500.0   -12.235
 -236400.0   -12.794
 -236300.0   -13.353
 -236200.0   -13.912
 -236100.0   -14.471
 -236000.0   -15.030
 -235900.0   -15.665
 -235800.0   -16.300
 -235700.0   -16.935
 -235600.0   -17.570
 -235500.0   -18.205
 -235400.0   -18.840
 -235300.0   -19.475
 -235200.0   -20.110
 -235100.0   -20.745
 -235000.0   -21.380
 -234900.0   -21.889
 -234800.0   -22.398
 -234700.0   -22.907
 -234600.0   -23.416
 -234500.0   -23.925
 -234400.0   -24.434
 -234300.0   -24.943
 -234200.0   -25.452
 -234100.0   -25.961
 -234000.0   -26.470
 -233900.0   -26.982
 -233800.0   -27.494
 -233700.0   -28.006
 -233600.0   -28.518
 -233500.0   -29.030
 -233400.0   -29.542
 -233300.0   -30.054
 -233200.0   -30.566
 -233100.0   -31.078
 -233000.0   -31.590
 -232900.0   -32.607
 -232800.0   -33.624
 -232700.0   -34.641
 -232600.0   -35.658
 -232500.0   -36.675
 -232400.0   -37.692
 -232300.0   -38.709
 -232200.0   -39.726
 -232100.0   -40.743
 -232000.0   -41.760
 -231900.0   -42.729
 -231800.0   -43.698
 -231700.0   -44.667
 -231600.0   -45.636
 -231500.0   -46.605
 -231400.0   -47.574
 -231300.0   -48.543
 -231200.0   -49.512
 -231100.0   -50.481
 -231000.0   -51.450
 -230900.0   -52.216
 -230800.0   -52.982
 -230700.0   -53.748
 -230600.0   -54.514
 -230500.0   -55.280
 -230400.0   -56.046
 -230300.0   -56.812
 -230200.0   -57.578
 -230100.0   -58.344
 -230000.0   -59.110
 -229900.0   -59.705
 -229800.0   -60.300
 -229700.0   -60.895
 -229600.0   -61.490
 -229500.0   -62.085
 -229400.0   -62.680
 -229300.0   -63.275
 -229200.0   -63.870
 -229100.0   -64.465
 -229000.0   -65.060
 -228900.0   -65.099
 -228800.0   -65.138
 -228700.0   -65.177
 -228600.0   -65.216
 -228500.0   -65.255
 -228400.0   -65.294
 -228300.0   -65.333
 -228200.0   -65.372
 -228100.0   -65.411
 -228000.0   -65.450
 -227900.0   -65.593
 -227800.0   -65.736
 -227700.0   -65.879
 -227600.0   -66.022
 -227500.0   -66.165
 -227400.0   -66.308
 -227300.0   -66.451
 -227200.0   -66.594
 -227100.0   -66.737
 -227000.0   -66.880
 -226900.0   -67.260
 -226800.0   -67.640
 -226700.0   -68.020
 -226600.0   -68.400
 -226500.0   -68.780
 -226400.0   -69.160
 -226300.0   -69.540
 -226200.0   -69.920
 -226100.0   -70.300
 -226000.0   -70.680
 -225900.0   -71.047
 -225800.0   -71.414
 -225700.0   -71.781
 -225600.0   -72.148
 -225500.0   -72.515
 -225400.0   -72.882
 -225300.0   -73.249
 -225200.0   -73.616
 -225100.0   -73.983
 -225000.0   -74.350
 -224900.0   -74.130
 -224800.0   -73.910
 -224700.0   -73.690
 -224600.0   -73.470
 -224500.0   -73.250
 -224400.0   -73.030
 -224300.0   -72.810
 -224200.0   -72.590
 -224100.0   -72.370
 -224000.0   -72.150
 -223900.0   -72.303
 -223800.0   -72.456
 -223700.0   -72.609
 -223600.0   -72.762
 -223500.0   -72.915
 -223400.0   -73.068
 -223300.0   -73.221
 -223200.0   -73.374
 -223100.0   -73.527
 -223000.0   -73.680
 -222900.0   -73.015
 -222800.0   -72.350
 -222700.0   -71.685
 -222600.0   -71.020
 -222500.0   -70.355
 -222400.0   -69.690
 -222300.0   -69.025
 -222200.0   -68.360
 -222100.0   -67.695
 -222000.0   -67.030
 -221900.0   -66.502
 -221800.0   -65.974
 -221700.0   -65.446
 -221600.0   -64.918
 -221500.0   -64.390
 -221400.0   -63.862
 -221300.0   -63.334
 -221200.0   -62.806
 -221100.0   -62.278
 -221000.0   -61.750
 -220900.0   -60.508
 -220800.0   -59.266
 -220700.0   -58.024
 -220600.0   -56.782
 -220500.0   -55.540
 -220400.0   -54.298
 -220300.0   -53.056
 -220200.0   -51.814
 -220100.0   -50.572
 -220000.0   -49.330
 -219900.0   -48.078
 -219800.0   -46.826
 -219700.0   -45.574
 -219600.0   -44.322
 -219500.0   -43.070
 -219400.0   -41.818
 -219300.0   -40.566
 -219200.0   -39.314
 -219100.0   -38.062
 -219000.0   -36.810
 -218900.0   -36.055
 -218800.0   -35.300
 -218700.0   -34.545
 -218600.0   -33.790
 -218500.0   -33.035
 -218400.0   -32.280
 -218300.0   -31.525
 -218200.0   -30.770
 -218100.0   -30.015
 -218000.0   -29.260
 -217900.0   -28.685
 -217800.0   -28.110
 -217700.0   -27.535
 -217600.0   -26.960
 -217500.0   -26.385
 -217400.0   -25.810
 -217300.0   -25.235
 -217200.0   -24.660
 -217100.0   -24.085
 -217000.0   -23.510
 -216900.0   -22.469
 -216800.0   -21.428
 -216700.0   -20.387
 -216600.0   -19.346
 -216500.0   -18.305
 -216400.0   -17.264
 -216300.0   -16.223
 -216200.0   -15.182
 -216100.0   -14.141
 -216000.0   -13.100
 -215900.0   -12.708
 -215800.0   -12.316
 -215700.0   -11.924
 -215600.0   -11.532
 -215500.0   -11.140
 -215400.0   -10.748
 -215300.0   -10.356
 -215200.0    -9.964
 -215100.0    -9.572
 -215000.0    -9.180
 -214900.0    -8.967
 -214800.0    -8.754
 -214700.0    -8.541
 -214600.0    -8.328
 -214500.0    -8.115
 -214400.0    -7.902
 -214300.0    -7.689
 -214200.0    -7.476
 -214100.0    -7.263
 -214000.0    -7.050
 -213900.0    -7.023
 -213800.0    -6.996
 -213700.0    -6.969
 -213600.0    -6.942
 -213500.0    -6.915
 -213400.0    -6.888
 -213300.0    -6.861
 -213200.0    -6.834
 -213100.0    -6.807
 -213000.0    -6.780
 -212900.0    -6.840
 -212800.0    -6.900
 -212700.0    -6.960
 -212600.0    -7.020
 -212500.0    -7.080
 -212400.0    -7.140
 -212300.0    -7.200
 -212200.0    -7.260
 -212100.0    -7.320
 -212000.0    -7.380
 -211900.0    -7.587
 -211800.0    -7.794
 -211700.0    -8.001
 -211600.0    -8.208
 -211500.0    -8.415
 -211400.0    -8.622
 -211300.0    -8.829
 -211200.0    -9.036
 -211100.0    -9.243
 -211000.0    -9.450
 -210900.0    -9.652
 -210800.0    -9.854
 -210700.0   -10.056
 -210600.0   -10.258
 -210500.0   -10.460
 -210400.0   -10.662
 -210300.0   -10.864
 -210200.0   -11.066
 -210100.0   -11.268
 -210000.0   -11.470
 -209900.0   -11.383
 -209800.0   -11.296
 -209700.0   -11.209
 -209600.0   -11.122
 -209500.0   -11.035
 -209400.0   -10.948
 -209300.0   -10.861
 -209200.0   -10.774
 -209100.0   -10.687
 -209000.0   -10.600
 -208900.0   -10.553
 -208800.0   -10.506
 -208700.0   -10.459
 -208600.0   -10.412
 -208500.0   -10.365
 -208400.0   -10.318
 -208300.0   -10.271
 -208200.0   -10.224
 -208100.0   -10.177
 -208000.0   -10.130
 -207900.0   -10.527
 -207800.0   -10.924
 -207700.0   -11.321
 -207600.0   -11.718
 -207500.0   -12.115
 -207400.0   -12.512
 -207300.0   -12.909
 -207200.0   -13.306
 -207100.0   -13.703
 -207000.0   -14.100
 -206900.0   -13.674
 -206800.0   -13.248
 -206700.0   -12.822
 -206600.0   -12.396
 -206500.0   -11.970
 -206400.0   -11.544
 -206300.0   -11.118
 -206200.0   -10.692
 -206100.0   -10.266
 -206000.0    -9.840
 -205900.0   -10.295
 -205800.0   -10.750
 -205700.0   -11.205
 -205600.0   -11.660
 -205500.0   -12.115
 -205400.0   -12.570
 -205300.0   -13.025
 -205200.0   -13.480
 -205100.0   -13.935
 -205000.0   -14.390
 -204900.0   -15.324
 -204800.0   -16.258
 -204700.0   -17.192
 -204600.0   -18.126
 -204500.0   -19.060
 -204400.0   -19.994
 -204300.0   -20.928
 -204200.0   -21.862
 -204100.0   -22.796
 -204000.0   -23.730
 -203900.0   -24.011
 -203800.0   -24.292
 -203700.0   -24.573
 -203600.0   -24.854
 -203500.0   -25.135
 -203400.0   -25.416
 -203300.0   -25.697
 -203200.0   -25.978
 -203100.0   -26.259
 -203000.0   -26.540
 -202900.0   -26.036
 -202800.0   -25.532
 -202700.0   -25.028
 -202600.0   -24.524
 -202500.0   -24.020
 -202400.0   -23.516
 -202300.0   -23.012
 -202200.0   -22.508
 -202100.0   -22.004
 -202000.0   -21.500
 -201900.0   -21.304
 -201800.0   -21.108
 -201700.0   -20.912
 -201600.0   -20.716
 -201500.0   -20.520
 -201400.0   -20.324
 -201300.0   -20.128
 -201200.0   -19.932
 -201100.0   -19.736
 -201000.0   -19.540
 -200900.0   -18.710
 -200800.0   -17.880
 -200700.0   -17.050
 -200600.0   -16.220
 -200500.0   -15.390
 -200400.0   -14.560
 -200300.0   -13.730
 -200200.0   -12.900
 -200100.0   -12.070
 -200000.0   -11.240
 -199900.0   -10.888
 -199800.0   -10.536
 -199700.0   -10.184
 -199600.0    -9.832
 -199500.0    -9.480
 -199400.0    -9.128
 -199300.0    -8.776
 -199200.0    -8.424
 -199100.0    -8.072
 -199000.0    -7.720
 -198900.0    -7.957
 -198800.0    -8.194
 -198700.0    -8.431
 -198600.0    -8.668
 -198500.0    -8.905
 -198400.0    -9.142
 -198300.0    -9.379
 -198200.0    -9.616
 -198100.0    -9.853
 -198000.0   -10.090
 -197900.0   -10.429
 -197800.0   -10.768
 -197700.0   -11.107
 -197600.0   -11.446
 -197500.0   -11.785
 -197400.0   -12.124
 -197300.0   -12.463
 -197200.0   -12.802
 -197100.0   -13.141
 -197000.0   -13.480
 -196900.0   -14.302
 -196800.0   -15.124
 -196700.0   -15.946
 -196600.0   -16.768
 -196500.0   -17.590
 -196400.0   -18.412
 -196300.0   -19.234
 -196200.0   -20.056
 -196100.0   -20.878
 -196000.0   -21.700
 -195900.0   -22.144
 -195800.0   -22.588
 -195700.0   -23.032
 -195600.0   -23.476
 -195500.0   -23.920
 -195400.0   -24.364
 -195300.0   -24.808
 -195200.0   -25.252
 -195100.0   -25.696
 -195000.0   -26.140
 -194900.0   -26.769
 -194800.0   -27.398
 -194700.0   -28.027
 -194600.0   -28.656
 -194500.0   -29.285
 -194400.0   -29.914
 -194300.0   -30.543
 -194200.0   -31.172
 -194100.0   -31.801
 -194000.0   -32.430
 -193900.0   -32.470
 -193800.0   -32.510
 -193700.0   -32.550
 -193600.0   -32.590
 -193500.0   -32.630
 -193400.0   -32.670
 -193300.0   -32.710
 -193200.0   -32.750
 -193100.0   -32.790
 -193000.0   -32.830
 -192900.0   -33.277
 -192800.0   -33.724
 -192700.0   -34.171
 -192600.0   -34.618
 -192500.0   -35.065
 -192400.0   -35.512
 -192300.0   -35.959
 -192200.0   -36.406
 -192100.0   -36.853
 -192000.0   -37.300
 -191900.0   -38.061
 -191800.0   -38.822
 -191700.0   -39.583
 -191600.0   -40.344
 -191500.0   -41.105
 -191400.0   -41.866
 -191300.0   -42.627
 -191200.0   -43.388
 -191100.0   -44.149
 -191000.0   -44.910
 -190900.0   -45.516
 -190800.0   -46.122
 -190700.0   -46.728
 -190600.0   -47.334
 -190500.0   -47.940
 -190400.0   -48.546
 -190300.0   -49.152
 -190200.0   -49.758
 -190100.0   -50.364
 -190000.0   -50.970
 -189900.0   -51.447
 -189800.0   -51.924
 -189700.0   -52.401
 -189600.0   -52.878
 -189500.0   -53.355
 -189400.0   -53.832
 -189300.0   -54.309
 -189200.0   -54.786
 -189100.0   -55.263
 -189000.0   -55.740
 -188900.0   -56.064
 -188800.0   -56.388
 -188700.0   -56.712
 -188600.0   -57.036
 -188500.0   -57.360
 -188400.0   -57.684
 -188300.0   -58.008
 -188200.0   -58.332
 -188100.0   -58.656
 -188000.0   -58.980
 -187900.0   -59.495
 -187800.0   -60.010
 -187700.0   -60.525
 -187600.0   -61.040
 -187500.0   -61.555
 -187400.0   -62.070
 -187300.0   -62.585
 -187200.0   -63.100
 -187100.0   -63.615
 -187000.0   -64.130
 -186900.0   -64.468
 -186800.0   -64.806
 -186700.0   -65.144
 -186600.0   -65.482
 -186500.0   -65.820
 -186400.0   -66.158
 -186300.0   -66.496
 -186200.0   -66.834
 -186100.0   -67.172
 -186000.0   -67.510
 -185900.0   -67.909
 -185800.0   -68.308
 -185700.0   -68.707
 -185600.0   -69.106
 -185500.0   -69.505
 -185400.0   -69.904
 -185300.0   -70.303
 -185200.0   -70.702
 -185100.0   -71.101
 -185000.0   -71.500
 -184900.0   -71.381
 -184800.0   -71.262
 -184700.0   -71.143
 -184600.0   -71.024
 -184500.0   -70.905
 -184400.0   -70.786
 -184300.0   -70.667
 -184200.0   -70.548
 -184100.0   -70.429
 -184000.0   -70.310
 -183900.0   -70.165
 -183800.0   -70.020
 -183700.0   -69.875
 -183600.0   -69.730
 -183500.0   -69.585
 -183400.0   -69.440
 -183300.0   -69.295
 -183200.0   -69.150
 -183100.0   -69.005
 -183000.0   -68.860
 -182900.0   -68.833
 -182800.0   -68.806
 -182700.0   -68.779
 -182600.0   -68.752
 -182500.0   -68.725
 -182400.0   -68.698
 -182300.0   -68.671
 -182200.0   -68.644
 -182100.0   -68.617
 -182000.0   -68.590
 -181900.0   -68.585
 -181800.0   -68.580
 -181700.0   -68.575
 -181600.0   -68.570
 -181500.0   -68.565
 -181400.0   -68.560
 -181300.0   -68.555
 -181200.0   -68.550
 -181100.0   -68.545
 -181000.0   -68.540
 -180900.0   -68.498
 -180800.0   -68.456
 -180700.0   -68.414
 -180600.0   -68.372
 -180500.0   -68.330
 -180400.0   -68.288
 -180300.0   -68.246
 -180200.0   -68.204
 -180100.0   -68.162
 -180000.0   -68.120
 -179900.0   -68.163
 -179800.0   -68.206
 -179700.0   -68.249
 -179600.0   -68.292
 -179500.0   -68.335
 -179400.0   -68.378
 -179300.0   -68.421
 -179200.0   -68.464
 -179100.0   -68.507
 -179000.0   -68.550
 -178900.0   -68.298
 -178800.0   -68.046
 -178700.0   -67.794
 -178600.0   -67.542
 -178500.0   -67.290
 -178400.0   -67.038
 -178300.0   -66.786
 -178200.0   -66.534
 -178100.0   -66.282
 -178000.0   -66.030
 -177900.0   -65.688
 -177800.0   -65.346
 -177700.0   -65.004
 -177600.0   -64.662
 -177500.0   -64.320
 -177400.0   -63.978
 -177300.0   -63.636
 -177200.0   -63.294
 -177100.0   -62.952
 -177000.0   -62.610
 -176900.0   -62.717
 -176800.0   -62.824
 -176700.0   -62.931
 -176600.0   -63.038
 -176500.0   -63.145
 -176400.0   -63.252
 -176300.0   -63.359
 -176200.0   -63.466
 -176100.0   -63.573
 -176000.0   -63.680
 -175900.0   -63.454
 -175800.0   -63.228
 -175700.0   -63.002
 -175600.0   -62.776
 -175500.0   -62.550
 -175400.0   -62.324
 -175300.0   -62.098
 -175200.0   -61.872
 -175100.0   -61.646
 -175000.0   -61.420
 -174900.0   -61.492
 -174800.0   -61.564
 -174700.0   -61.636
 -174600.0   -61.708
 -174500.0   -61.780
 -174400.0   -61.852
 -174300.0   -61.924
 -174200.0   -61.996
 -174100.0   -62.068
 -174000.0   -62.140
 -173900.0   -62.241
 -173800.0   -62.342
 -173700.0   -62.443
 -173600.0   -62.544
 -173500.0   -62.645
 -173400.0   -62.746
 -173300.0   -62.847
 -173200.0   -62.948
 -173100.0   -63.049
 -173000.0   -63.150
 -172900.0   -63.280
 -172800.0   -63.410
 -172700.0   -63.540
 -172600.0   -63.670
 -172500.0   -63.800
 -172400.0   -63.930
 -172300.0   -64.060
 -172200.0   -64.190
 -172100.0   -64.320
 -172000.0   -64.450
 -171900.0   -63.773
 -171800.0   -63.096
 -171700.0   -62.419
 -171600.0   -61.742
 -171500.0   -61.065
 -171400.0   -60.388
 -171300.0   -59.711
 -171200.0   -59.034
 -171100.0   -58.357
 -171000.0   -57.680
 -170900.0   -57.446
 -170800.0   -57.212
 -170700.0   -56.978
 -170600.0   -56.744
 -170500.0   -56.510
 -170400.0   -56.276
 -170300.0   -56.042
 -170200.0   -55.808
 -170100.0   -55.574
 -170000.0   -55.340
 -169900.0   -55.622
 -169800.0   -55.904
 -169700.0   -56.186
 -169600.0   -56.468
 -169500.0   -56.750
 -169400.0   -57.032
 -169300.0   -57.314
 -169200.0   -57.596
 -169100.0   -57.878
 -169000.0   -58.160
 -168900.0   -58.496
 -168800.0   -58.832
 -168700.0   -59.168
 -168600.0   -59.504
 -168500.0   -59.840
 -168400.0   -60.176
 -168300.0   -60.512
 -168200.0   -60.848
 -168100.0   -61.184
 -168000.0   -61.520
 -167900.0   -61.537
 -167800.0   -61.554
 -167700.0   -61.571
 -167600.0   -61.588
 -167500.0   -61.605
 -167400.0   -61.622
 -167300.0   -61.639
 -167200.0   -61.656
 -167100.0   -61.673
 -167000.0   -61.690
 -166900.0   -62.050
 -166800.0   -62.410
 -166700.0   -62.770
 -166600.0   -63.130
 -166500.0   -63.490
 -166400.0   -63.850
 -166300.0   -64.210
 -166200.0   -64.570
 -166100.0   -64.930
 -166000.0   -65.290
 -165900.0   -65.927
 -165800.0   -66.564
 -165700.0   -67.201
 -165600.0   -67.838
 -165500.0   -68.475
 -165400.0   -69.112
 -165300.0   -69.749
 -165200.0   -70.386
 -165100.0   -71.023
 -165000.0   -71.660
 -164900.0   -71.936
 -164800.0   -72.212
 -164700.0   -72.488
 -164600.0   -72.764
 -164500.0   -73.040
 -164400.0   -73.316
 -164300.0   -73.592
 -164200.0   -73.868
 -164100.0   -74.144
 -164000.0   -74.420
 -163900.0   -74.686
 -163800.0   -74.952
 -163700.0   -75.218
 -163600.0   -75.484
 -163500.0   -75.750
 -163400.0   -76.016
 -163300.0   -76.282
 -163200.0   -76.548
 -163100.0   -76.814
 -163000.0   -77.080
 -162900.0   -77.246
 -162800.0   -77.412
 -162700.0   -77.578
 -162600.0   -77.744
 -162500.0   -77.910
 -162400.0   -78.076
 -162300.0   -78.242
 -162200.0   -78.408
 -162100.0   -78.574
 -162000.0   -78.740
 -161900.0   -79.395
 -161800.0   -80.050
 -161700.0   -80.705
 -161600.0   -81.360
 -161500.0   -82.015
 -161400.0   -82.670
 -161300.0   -83.325
 -161200.0   -83.980
 -161100.0   -84.635
 -161000.0   -85.290
 -160900.0   -85.456
 -160800.0   -85.622
 -160700.0   -85.788
 -160600.0   -85.954
 -160500.0   -86.120
 -160400.0   -86.286
 -160300.0   -86.452
 -160200.0   -86.618
 -160100.0   -86.784
 -160000.0   -86.950
 -159900.0   -87.049
 -159800.0   -87.148
 -159700.0   -87.247
 -159600.0   -87.346
 -159500.0   -87.445
 -159400.0   -87.544
 -159300.0   -87.643
 -159200.0   -87.742
 -159100.0   -87.841
 -159000.0   -87.940
 -158900.0   -88.037
 -158800.0   -88.134
 -158700.0   -88.231
 -158600.0   -88.328
 -158500.0   -88.425
 -158400.0   -88.522
 -158300.0   -88.619
 -158200.0   -88.716
 -158100.0   -88.813
 -158000.0   -88.910
 -157900.0   -89.286
 -157800.0   -89.662
 -157700.0   -90.038
 -157600.0   -90.414
 -157500.0   -90.790
 -157400.0   -91.166
 -157300.0   -91.542
 -157200.0   -91.918
 -157100.0   -92.294
 -157000.0   -92.670
 -156900.0   -92.654
 -156800.0   -92.638
 -156700.0   -92.622
 -156600.0   -92.606
 -156500.0   -92.590
 -156400.0   -92.574
 -156300.0   -92.558
 -156200.0   -92.542
 -156100.0   -92.526
 -156000.0   -92.510
 -155900.0   -92.230
 -155800.0   -91.950
 -155700.0   -91.670
 -155600.0   -91.390
 -155500.0   -91.110
 -155400.0   -90.830
 -155300.0   -90.550
 -155200.0   -90.270
 -155100.0   -89.990
 -155000.0   -89.710
 -154900.0   -89.430
 -154800.0   -89.150
 -154700.0   -88.870
 -154600.0   -88.590
 -154500.0   -88.310
 -154400.0   -88.030
 -154300.0   -87.750
 -154200.0   -87.470
 -154100.0   -87.190
 -154000.0   -86.910
 -153900.0   -86.741
 -153800.0   -86.572
 -153700.0   -86.403
 -153600.0   -86.234
 -153500.0   -86.065
 -153400.0   -85.896
 -153300.0   -85.727
 -153200.0   -85.558
 -153100.0   -85.389
 -153000.0   -85.220
 -152900.0   -85.288
 -152800.0   -85.356
 -152700.0   -85.424
 -152600.0   -85.492
 -152500.0   -85.560
 -152400.0   -85.628
 -152300.0   -85.696
 -152200.0   -85.764
 -152100.0   -85.832
 -152000.0   -85.900
 -151900.0   -86.002
 -151800.0   -86.104
 -151700.0   -86.206
 -151600.0   -86.308
 -151500.0   -86.410
 -151400.0   -86.512
 -151300.0   -86.614
 -151200.0   -86.716
 -151100.0   -86.818
 -151000.0   -86.920
 -150900.0   -87.307
 -150800.0   -87.694
 -150700.0   -88.081
 -150600.0   -88.468
 -150500.0   -88.855
 -150400.0   -89.242
 -150300.0   -89.629
 -150200.0   -90.016
 -150100.0   -90.403
 -150000.0   -90.790
 -149900.0   -91.405
 -149800.0   -92.020
 -149700.0   -92.635
 -149600.0   -93.250
 -149500.0   -93.865
 -149400.0   -94.480
 -149300.0   -95.095
 -149200.0   -95.710
 -149100.0   -96.325
 -149000.0   -96.940
 -148900.0   -97.164
 -148800.0   -97.388
 -148700.0   -97.612
 -148600.0   -97.836
 -148500.0   -98.060
 -148400.0   -98.284
 -148300.0   -98.508
 -148200.0   -98.732
 -148100.0   -98.956
 -148000.0   -99.180
 -147900.0   -99.214
 -147800.0   -99.248
 -147700.0   -99.282
 -147600.0   -99.316
 -147500.0   -99.350
 -147400.0   -99.384
 -147300.0   -99.418
 -147200.0   -99.452
 -147100.0   -99.486
 -147000.0   -99.520
 -146900.0   -99.639
 -146800.0   -99.758
 -146700.0   -99.877
 -146600.0   -99.996
 -146500.0  -100.115
 -146400.0  -100.234
 -146300.0  -100.353
 -146200.0  -100.472
 -146100.0  -100.591
 -146000.0  -100.710
 -145900.0  -100.673
 -145800.0  -100.636
 -145700.0  -100.599
 -145600.0  -100.562
 -145500.0  -100.525
 -145400.0  -100.488
 -145300.0  -100.451
 -145200.0  -100.414
 -145100.0  -100.377
 -145000.0  -100.340
 -144900.0  -100.546
 -144800.0  -100.752
 -144700.0  -100.958
 -144600.0  -101.164
 -144500.0  -101.370
 -144400.0  -101.576
 -144300.0  -101.782
 -144200.0  -101.988
 -144100.0  -102.194
 -144000.0  -102.400
 -143900.0  -102.835
 -143800.0  -103.270
 -143700.0  -103.705
 -143600.0  -104.140
 -143500.0  -104.575
 -143400.0  -105.010
 -143300.0  -105.445
 -143200.0  -105.880
 -143100.0  -106.315
 -143000.0  -106.750
 -142900.0  -107.153
 -142800.0  -107.556
 -142700.0  -107.959
 -142600.0  -108.362
 -142500.0  -108.765
 -142400.0  -109.168
 -142300.0  -109.571
 -142200.0  -109.974
 -142100.0  -110.377
 -142000.0  -110.780
 -141900.0  -111.047
 -141800.0  -111.314
 -141700.0  -111.581
 -141600.0  -111.848
 -141500.0  -112.115
 -141400.0  -112.382
 -141300.0  -112.649
 -141200.0  -112.916
 -141100.0  -113.183
 -141000.0  -113.450
 -140900.0  -113.993
 -140800.0  -114.536
 -140700.0  -115.079
 -140600.0  -115.622
 -140500.0  -116.165
 -140400.0  -116.708
 -140300.0  -117.251
 -140200.0  -117.794
 -140100.0  -118.337
 -140000.0  -118.880
 -139900.0  -119.086
 -139800.0  -119.292
 -139700.0  -119.498
 -139600.0  -119.704
 -139500.0  -119.910
 -139400.0  -120.116
 -139300.0  -120.322
 -139200.0  -120.528
 -139100.0  -120.734
 -139000.0  -120.940
 -138900.0  -121.118
 -138800.0  -121.296
 -138700.0  -121.474
 -138600.0  -121.652
 -138500.0  -121.830
 -138400.0  -122.008
 -138300.0  -122.186
 -138200.0  -122.364
 -138100.0  -122.542
 -138000.0  -122.720
 -137900.0  -122.809
 -137800.0  -122.898
 -137700.0  -122.987
 -137600.0  -123.076
 -137500.0  -123.165
 -137400.0  -123.254
 -137300.0  -123.343
 -137200.0  -123.432
 -137100.0  -123.521
 -137000.0  -123.610
 -136900.0  -123.644
 -136800.0  -123.678
 -136700.0  -123.712
 -136600.0  -123.746
 -136500.0  -123.780
 -136400.0  -123.814
 -136300.0  -123.848
 -136200.0  -123.882
 -136100.0  -123.916
 -136000.0  -123.950
 -135900.0  -123.931
 -135800.0  -123.912
 -135700.0  -123.893
 -135600.0  -123.874
 -135500.0  -123.855
 -135400.0  -123.836
 -135300.0  -123.817
 -135200.0  -123.798
 -135100.0  -123.779
 -135000.0  -123.760
 -134900.0  -123.410
 -134800.0  -123.060
 -134700.0  -122.710
 -134600.0  -122.360
 -134500.0  -122.010
 -134400.0  -121.660
 -134300.0  -121.310
 -134200.0  -120.960
 -134100.0  -120.610
 -134000.0  -120.260
 -133900.0  -119.672
 -133800.0  -119.084
 -133700.0  -118.496
 -133600.0  -117.908
 -133500.0  -117.320
 -133400.0  -116.732
 -133300.0  -116.144
 -133200.0  -115.556
 -133100.0  -114.968
 -133000.0  -114.380
 -132900.0  -113.156
 -132800.0  -111.932
 -132700.0  -110.708
 -132600.0  -109.484
 -132500.0  -108.260
 -132400.0  -107.036
 -132300.0  -105.812
 -132200.0  -104.588
 -132100.0  -103.364
 -132000.0  -102.140
 -131900.0  -100.219
 -131800.0   -98.298
 -131700.0   -96.377
 -131600.0   -94.456
 -131500.0   -92.535
 -131400.0   -90.614
 -131300.0   -88.693
 -131200.0   -86.772
 -131100.0   -84.851
 -131000.0   -82.930
 -130900.0   -82.009
 -130800.0   -81.088
 -130700.0   -80.167
 -130600.0   -79.246
 -130500.0   -78.325
 -130400.0   -77.404
 -130300.0   -76.483
 -130200.0   -75.562
 -130100.0   -74.641
 -130000.0   -73.720
 -129900.0   -71.643
 -129800.0   -69.566
 -129700.0   -67.489
 -129600.0   -65.412
 -129500.0   -63.335
 -129400.0   -61.258
 -129300.0   -59.181
 -129200.0   -57.104
 -129100.0   -55.027
 -129000.0   -52.950
 -128900.0   -51.268
 -128800.0   -49.586
 -128700.0   -47.904
 -128600.0   -46.222
 -128500.0   -44.540
 -128400.0   -42.858
 -128300.0   -41.176
 -128200.0   -39.494
 -128100.0   -37.812
 -128000.0   -36.130
 -127900.0   -35.227
 -127800.0   -34.324
 -127700.0   -33.421
 -127600.0   -32.518
 -127500.0   -31.615
 -127400.0   -30.712
 -127300.0   -29.809
 -127200.0   -28.906
 -127100.0   -28.003
 -127000.0   -27.100
 -126900.0   -25.662
 -126800.0   -24.224
 -126700.0   -22.786
 -126600.0   -21.348
 -126500.0   -19.910
 -126400.0   -18.472
 -126300.0   -17.034
 -126200.0   -15.596
 -126100.0   -14.158
 -126000.0   -12.720
 -125900.0   -12.113
 -125800.0   -11.506
 -125700.0   -10.899
 -125600.0   -10.292
 -125500.0    -9.685
 -125400.0    -9.078
 -125300.0    -8.471
 -125200.0    -7.864
 -125100.0    -7.257
 -125000.0    -6.650
 -124900.0    -6.103
 -124800.0    -5.556
 -124700.0    -5.009
 -124600.0    -4.462
 -124500.0    -3.915
 -124400.0    -3.368
 -124300.0    -2.821
 -124200.0    -2.274
 -124100.0    -1.727
 -124000.0    -1.180
 -123900.0    -0.942
 -123800.0    -0.704
 -123700.0    -0.466
 -123600.0    -0.228
 -123500.0     0.010
 -123400.0     0.248
 -123300.0     0.486
 -123200.0     0.724
 -123100.0     0.962
 -123000.0     1.200
 -122900.0     1.307
 -122800.0     1.414
 -122700.0     1.521
 -122600.0     1.628
 -122500.0     1.735
 -122400.0     1.842
 -122300.0     1.949
 -122200.0     2.056
 -122100.0     2.163
 -122000.0     2.270
 -121900.0     2.356
 -121800.0     2.442
 -121700.0     2.528
 -121600.0     2.614
 -121500.0     2.700
 -121400.0     2.786
 -121300.0     2.872
 -121200.0     2.958
 -121100.0     3.044
 -121000.0     3.130
 -120900.0     3.085
 -120800.0     3.040
 -120700.0     2.995
 -120600.0     2.950
 -120500.0     2.905
 -120400.0     2.860
 -120300.0     2.815
 -120200.0     2.770
 -120100.0     2.725
 -120000.0     2.680
 -119900.0     2.012
 -119800.0     1.344
 -119700.0     0.676
 -119600.0     0.008
 -119500.0    -0.660
 -119400.0    -1.328
 -119300.0    -1.996
 -119200.0    -2.664
 -119100.0    -3.332
 -119000.0    -4.000
 -118900.0    -4.356
 -118800.0    -4.712
 -118700.0    -5.068
 -118600.0    -5.424
 -118500.0    -5.780
 -118400.0    -6.136
 -118300.0    -6.492
 -118200.0    -6.848
 -118100.0    -7.204
 -118000.0    -7.560
 -117900.0    -8.213
 -117800.0    -8.866
 -117700.0    -9.519
 -117600.0   -10.172
 -117500.0   -10.825
 -117400.0   -11.478
 -117300.0   -12.131
 -117200.0   -12.784
 -117100.0   -13.437
 -117000.0   -14.090
 -116900.0   -14.931
 -116800.0   -15.772
 -116700.0   -16.613
 -116600.0   -17.454
 -116500.0   -18.295
 -116400.0   -19.136
 -116300.0   -19.977
 -116200.0   -20.818
 -116100.0   -21.659
 -116000.0   -22.500
 -115900.0   -22.867
 -115800.0   -23.234
 -115700.0   -23.601
 -115600.0   -23.968
 -115500.0   -24.335
 -115400.0   -24.702
 -115300.0   -25.069
 -115200.0   -25.436
 -115100.0   -25.803
 -115000.0   -26.170
 -114900.0   -26.937
 -114800.0   -27.704
 -114700.0   -28.471
 -114600.0   -29.238
 -114500.0   -30.005
 -114400.0   -30.772
 -114300.0   -31.539
 -114200.0   -32.306
 -114100.0   -33.073
 -114000.0   -33.840
 -113900.0   -34.349
 -113800.0   -34.858
 -113700.0   -35.367
 -113600.0   -35.876
 -113500.0   -36.385
 -113400.0   -36.894
 -113300.0   -37.403
 -113200.0   -37.912
 -113100.0   -38.421
 -113000.0   -38.930
 -112900.0   -39.355
 -112800.0   -39.780
 -112700.0   -40.205
 -112600.0   -40.630
 -112500.0   -41.055
 -112400.0   -41.480
 -112300.0   -41.905
 -112200.0   -42.330
 -112100.0   -42.755
 -112000.0   -43.180
 -111900.0   -43.570
 -111800.0   -43.960
 -111700.0   -44.350
 -111600.0   -44.740
 -111500.0   -45.130
 -111400.0   -45.520
 -111300.0   -45.910
 -111200.0   -46.300
 -111100.0   -46.690
 -111000.0   -47.080
 -110900.0   -47.008
 -110800.0   -46.936
 -110700.0   -46.864
 -110600.0   -46.792
 -110500.0   -46.720
 -110400.0   -46.648
 -110300.0   -46.576
 -110200.0   -46.504
 -110100.0   -46.432
 -110000.0   -46.360
 -109900.0   -46.319
 -109800.0   -46.278
 -109700.0   -46.237
 -109600.0   -46.196
 -109500.0   -46.155
 -109400.0   -46.114
 -109300.0   -46.073
 -109200.0   -46.032
 -109100.0   -45.991
 -109000.0   -45.950
 -108900.0   -45.803
 -108800.0   -45.656
 -108700.0   -45.509
 -108600.0   -45.362
 -108500.0   -45.215
 -108400.0   -45.068
 -108300.0   -44.921
 -108200.0   -44.774
 -108100.0   -44.627
 -108000.0   -44.480
 -107900.0   -44.533
 -107800.0   -44.586
 -107700.0   -44.639
 -107600.0   -44.692
 -107500.0   -44.745
 -107400.0   -44.798
 -107300.0   -44.851
 -107200.0   -44.904
 -107100.0   -44.957
 -107000.0   -45.010
 -106900.0   -44.542
 -106800.0   -44.074
 -106700.0   -43.606
 -106600.0   -43.138
 -106500.0   -42.670
 -106400.0   -42.202
 -106300.0   -41.734
 -106200.0   -41.266
 -106100.0   -40.798
 -106000.0   -40.330
 -105900.0   -39.733
 -105800.0   -39.136
 -105700.0   -38.539
 -105600.0   -37.942
 -105500.0   -37.345
 -105400.0   -36.748
 -105300.0   -36.151
 -105200.0   -35.554
 -105100.0   -34.957
 -105000.0   -34.360
 -104900.0   -34.095
 -104800.0   -33.830
 -104700.0   -33.565
 -104600.0   -33.300
 -104500.0   -33.035
 -104400.0   -32.770
 -104300.0   -32.505
 -104200.0   -32.240
 -104100.0   -31.975
 -104000.0   -31.710
 -103900.0   -31.486
 -103800.0   -31.262
 -103700.0   -31.038
 -103600.0   -30.814
 -103500.0   -30.590
 -103400.0   -30.366
 -103300.0   -30.142
 -103200.0   -29.918
 -103100.0   -29.694
 -103000.0   -29.470
 -102900.0   -29.026
 -102800.0   -28.582
 -102700.0   -28.138
 -102600.0   -27.694
 -102500.0   -27.250
 -102400.0   -26.806
 -102300.0   -26.362
 -102200.0   -25.918
 -102100.0   -25.474
 -102000.0   -25.030
 -101900.0   -24.299
 -101800.0   -23.568
 -101700.0   -22.837
 -101600.0   -22.106
 -101500.0   -21.375
 -101400.0   -20.644
 -101300.0   -19.913
 -101200.0   -19.182
 -101100.0   -18.451
 -101000.0   -17.720
 -100900.0   -17.897
 -100800.0   -18.074
 -100700.0   -18.251
 -100600.0   -18.428
 -100500.0   -18.605
 -100400.0   -18.782
 -100300.0   -18.959
 -100200.0   -19.136
 -100100.0   -19.313
 -100000.0   -19.490
  -99900.0   -19.267
  -99800.0   -19.044
  -99700.0   -18.821
  -99600.0   -18.598
  -99500.0   -18.375
  -99400.0   -18.152
  -99300.0   -17.929
  -99200.0   -17.706
  -99100.0   -17.483
  -99000.0   -17.260
  -98900.0   -17.653
  -98800.0   -18.046
  -98700.0   -18.439
  -98600.0   -18.832
  -98500.0   -19.225
  -98400.0   -19.618
  -98300.0   -20.011
  -98200.0   -20.404
  -98100.0   -20.797
  -98000.0   -21.190
  -97900.0   -21.290
  -97800.0   -21.390
  -97700.0   -21.490
  -97600.0   -21.590
  -97500.0   -21.690
  -97400.0   -21.790
  -97300.0   -21.890
  -97200.0   -21.990
  -97100.0   -22.090
  -97000.0   -22.190
  -96900.0   -22.745
  -96800.0   -23.300
  -96700.0   -23.855
  -96600.0   -24.410
  -96500.0   -24.965
  -96400.0   -25.520
  -96300.0   -26.075
  -96200.0   -26.630
  -96100.0   -27.185
  -96000.0   -27.740
  -95900.0   -28.390
  -95800.0   -29.040
  -95700.0   -29.690
  -95600.0   -30.340
  -95500.0   -30.990
  -95400.0   -31.640
  -95300.0   -32.290
  -95200.0   -32.940
  -95100.0   -33.590
  -95000.0   -34.240
  -94900.0   -34.868
  -94800.0   -35.496
  -94700.0   -36.124
  -94600.0   -36.752
  -94500.0   -37.380
  -94400.0   -38.008
  -94300.0   -38.636
  -94200.0   -39.264
  -94100.0   -39.892
  -94000.0   -40.520
  -93900.0   -40.684
  -93800.0   -40.848
  -93700.0   -41.012
  -93600.0   -41.176
  -93500.0   -41.340
  -93400.0   -41.504
  -93300.0   -41.668
  -93200.0   -41.832
  -93100.0   -41.996
  -93000.0   -42.160
  -92900.0   -42.111
  -92800.0   -42.062
  -92700.0   -42.013
  -92600.0   -41.964
  -92500.0   -41.915
  -92400.0   -41.866
  -92300.0   -41.817
  -92200.0   -41.768
  -92100.0   -41.719
  -92000.0   -41.670
  -91900.0   -41.533
  -91800.0   -41.396
  -91700.0   -41.259
  -91600.0   -41.122
  -91500.0   -40.985
  -91400.0   -40.848
  -91300.0   -40.711
  -91200.0   -40.574
  -91100.0   -40.437
  -91000.0   -40.300
  -90900.0   -40.633
  -90800.0   -40.966
  -90700.0   -41.299
  -90600.0   -41.632
  -90500.0   -41.965
  -90400.0   -42.298
  -90300.0   -42.631
  -90200.0   -42.964
  -90100.0   -43.297
  -90000.0   -43.630
  -89900.0   -43.611
  -89800.0   -43.592
  -89700.0   -43.573
  -89600.0   -43.554
  -89500.0   -43.535
  -89400.0   -43.516
  -89300.0   -43.497
  -89200.0   -43.478
  -89100.0   -43.459
  -89000.0   -43.440
  -88900.0   -43.756
  -88800.0   -44.072
  -88700.0   -44.388
  -88600.0   -44.704
  -88500.0   -45.020
  -88400.0   -45.336
  -88300.0   -45.652
  -88200.0   -45.968
  -88100.0   -46.284
  -88000.0   -46.600
  -87900.0   -46.249
  -87800.0   -45.898
  -87700.0   -45.547
  -87600.0   -45.196
  -87500.0   -44.845
  -87400.0   -44.494
  -87300.0   -44.143
  -87200.0   -43.792
  -87100.0   -43.441
  -87000.0   -43.090
  -86900.0   -42.658
  -86800.0   -42.226
  -86700.0   -41.794
  -86600.0   -41.362
  -86500.0   -40.930
  -86400.0   -40.498
  -86300.0   -40.066
  -86200.0   -39.634
  -86100.0   -39.202
  -86000.0   -38.770
  -85900.0   -37.892
  -85800.0   -37.014
  -85700.0   -36.136
  -85600.0   -35.258
  -85500.0   -34.380
  -85400.0   -33.502
  -85300.0   -32.624
  -85200.0   -31.746
  -85100.0   -30.868
  -85000.0   -29.990
  -84900.0   -30.057
  -84800.0   -30.124
  -84700.0   -30.191
  -84600.0   -30.258
  -84500.0   -30.325
  -84400.0   -30.392
  -84300.0   -30.459
  -84200.0   -30.526
  -84100.0   -30.593
  -84000.0   -30.660
  -83900.0   -30.151
  -83800.0   -29.642
  -83700.0   -29.133
  -83600.0   -28.624
  -83500.0   -28.115
  -83400.0   -27.606
  -83300.0   -27.097
  -83200.0   -26.588
  -83100.0   -26.079
  -83000.0   -25.570
  -82900.0   -25.977
  -82800.0   -26.384
  -82700.0   -26.791
  -82600.0   -27.198
  -82500.0   -27.605
  -82400.0   -28.012
  -82300.0   -28.419
  -82200.0   -28.826
  -82100.0   -29.233
  -82000.0   -29.640
  -81900.0   -29.812
  -81800.0   -29.984
  -81700.0   -30.156
  -81600.0   -30.328
  -81500.0   -30.500
  -81400.0   -30.672
  -81300.0   -30.844
  -81200.0   -31.016
  -81100.0   -31.188
  -81000.0   -31.360
  -80900.0   -31.309
  -80800.0   -31.258
  -80700.0   -31.207
  -80600.0   -31.156
  -80500.0   -31.105
  -80400.0   -31.054
  -80300.0   -31.003
  -80200.0   -30.952
  -80100.0   -30.901
  -80000.0   -30.850
  -79900.0   -31.060
  -79800.0   -31.270
  -79700.0   -31.480
  -79600.0   -31.690
  -79500.0   -31.900
  -79400.0   -32.110
  -79300.0   -32.320
  -79200.0   -32.530
  -79100.0   -32.740
  -79000.0   -32.950
  -78900.0   -32.535
  -78800.0   -32.120
  -78700.0   -31.705
  -78600.0   -31.290
  -78500.0   -30.875
  -78400.0   -30.460
  -78300.0   -30.045
  -78200.0   -29.630
  -78100.0   -29.215
  -78000.0   -28.800
  -77900.0   -28.689
  -77800.0   -28.578
  -77700.0   -28.467
  -77600.0   -28.356
  -77500.0   -28.245
  -77400.0   -28.134
  -77300.0   -28.023
  -77200.0   -27.912
  -77100.0   -27.801
  -77000.0   -27.690
  -76900.0   -28.079
  -76800.0   -28.468
  -76700.0   -28.857
  -76600.0   -29.246
  -76500.0   -29.635
  -76400.0   -30.024
  -76300.0   -30.413
  -76200.0   -30.802
  -76100.0   -31.191
  -76000.0   -31.580
  -75900.0   -31.728
  -75800.0   -31.876
  -75700.0   -32.024
  -75600.0   -32.172
  -75500.0   -32.320
  -75400.0   -32.468
  -75300.0   -32.616
  -75200.0   -32.764
  -75100.0   -32.912
  -75000.0   -33.060
  -74900.0   -33.372
  -74800.0   -33.684
  -74700.0   -33.996
  -74600.0   -34.308
  -74500.0   -34.620
  -74400.0   -34.932
  -74300.0   -35.244
  -74200.0   -35.556
  -74100.0   -35.868
  -74000.0   -36.180
  -73900.0   -36.946
  -73800.0   -37.712
  -73700.0   -38.478
  -73600.0   -39.244
  -73500.0   -40.010
  -73400.0   -40.776
  -73300.0   -41.542
  -73200.0   -42.308
  -73100.0   -43.074
  -73000.0   -43.840
  -72900.0   -44.127
  -72800.0   -44.414
  -72700.0   -44.701
  -72600.0   -44.988
  -72500.0   -45.275
  -72400.0   -45.562
  -72300.0   -45.849
  -72200.0   -46.136
  -72100.0   -46.423
  -72000.0   -46.710
  -71900.0   -47.182
  -71800.0   -47.654
  -71700.0   -48.126
  -71600.0   -48.598
  -71500.0   -49.070
  -71400.0   -49.542
  -71300.0   -50.014
  -71200.0   -50.486
  -71100.0   -50.958
  -71000.0   -51.430
  -70900.0   -52.826
  -70800.0   -54.222
  -70700.0   -55.618
  -70600.0   -57.014
  -70500.0   -58.410
  -70400.0   -59.806
  -70300.0   -61.202
  -70200.0   -62.598
  -70100.0   -63.994
  -70000.0   -65.390
  -69900.0   -65.662
  -69800.0   -65.934
  -69700.0   -66.206
  -69600.0   -66.478
  -69500.0   -66.750
  -69400.0   -67.022
  -69300.0   -67.294
  -69200.0   -67.566
  -69100.0   -67.838
  -69000.0   -68.110
  -68900.0   -68.405
  -68800.0   -68.700
  -68700.0   -68.995
  -68600.0   -69.290
  -68500.0   -69.585
  -68400.0   -69.880
  -68300.0   -70.175
  -68200.0   -70.470
  -68100.0   -70.765
  -68000.0   -71.060
  -67900.0   -71.891
  -67800.0   -72.722
  -67700.0   -73.553
  -67600.0   -74.384
  -67500.0   -75.215
  -67400.0   -76.046
  -67300.0   -76.877
  -67200.0   -77.708
  -67100.0   -78.539
  -67000.0   -79.370
  -66900.0   -79.680
  -66800.0   -79.990
  -66700.0   -80.300
  -66600.0   -80.610
  -66500.0   -80.920
  -66400.0   -81.230
  -66300.0   -81.540
  -66200.0   -81.850
  -66100.0   -82.160
  -66000.0   -82.470
  -65900.0   -82.495
  -65800.0   -82.520
  -65700.0   -82.545
  -65600.0   -82.570
  -65500.0   -82.595
  -65400.0   -82.620
  -65300.0   -82.645
  -65200.0   -82.670
  -65100.0   -82.695
  -65000.0   -82.720
  -64900.0   -82.796
  -64800.0   -82.872
  -64700.0   -82.948
  -64600.0   -83.024
  -64500.0   -83.100
  -64400.0   -83.176
  -64300.0   -83.252
  -64200.0   -83.328
  -64100.0   -83.404
  -64000.0   -83.480
  -63900.0   -83.607
  -63800.0   -83.734
  -63700.0   -83.861
  -63600.0   -83.988
  -63500.0   -84.115
  -63400.0   -84.242
  -63300.0   -84.369
  -63200.0   -84.496
  -63100.0   -84.623
  -63000.0   -84.750
  -62900.0   -84.707
  -62800.0   -84.664
  -62700.0   -84.621
  -62600.0   -84.578
  -62500.0   -84.535
  -62400.0   -84.492
  -62300.0   -84.449
  -62200.0   -84.406
  -62100.0   -84.363
  -62000.0   -84.320
  -61900.0   -84.544
  -61800.0   -84.768
  -61700.0   -84.992
  -61600.0   -85.216
  -61500.0   -85.440
  -61400.0   -85.664
  -61300.0   -85.888
  -61200.0   -86.112
  -61100.0   -86.336
  -61000.0   -86.560
  -60900.0   -86.377
  -60800.0   -86.194
  -60700.0   -86.011
  -60600.0   -85.828
  -60500.0   -85.645
  -60400.0   -85.462
  -60300.0   -85.279
  -60200.0   -85.096
  -60100.0   -84.913
  -60000.0   -84.730
  -59900.0   -84.551
  -59800.0   -84.372
  -59700.0   -84.193
  -59600.0   -84.014
  -59500.0   -83.835
  -59400.0   -83.656
  -59300.0   -83.477
  -59200.0   -83.298
  -59100.0   -83.119
  -59000.0   -82.940
  -58900.0   -83.217
  -58800.0   -83.494
  -58700.0   -83.771
  -58600.0   -84.048
  -58500.0   -84.325
  -58400.0   -84.602
  -58300.0   -84.879
  -58200.0   -85.156
  -58100.0   -85.433
  -58000.0   -85.710
  -57900.0   -85.413
  -57800.0   -85.116
  -57700.0   -84.819
  -57600.0   -84.522
  -57500.0   -84.225
  -57400.0   -83.928
  -57300.0   -83.631
  -57200.0   -83.334
  -57100.0   -83.037
  -57000.0   -82.740
  -56900.0   -82.269
  -56800.0   -81.798
  -56700.0   -81.327
  -56600.0   -80.856
  -56500.0   -80.385
  -56400.0   -79.914
  -56300.0   -79.443
  -56200.0   -78.972
  -56100.0   -78.501
  -56000.0   -78.030
  -55900.0   -77.453
  -55800.0   -76.876
  -55700.0   -76.299
  -55600.0   -75.722
  -55500.0   -75.145
  -55400.0   -74.568
  -55300.0   -73.991
  -55200.0   -73.414
  -55100.0   -72.837
  -55000.0   -72.260
  -54900.0   -72.039
  -54800.0   -71.818
  -54700.0   -71.597
  -54600.0   -71.376
  -54500.0   -71.155
  -54400.0   -70.934
  -54300.0   -70.713
  -54200.0   -70.492
  -54100.0   -70.271
  -54000.0   -70.050
  -53900.0   -69.930
  -53800.0   -69.810
  -53700.0   -69.690
  -53600.0   -69.570
  -53500.0   -69.450
  -53400.0   -69.330
  -53300.0   -69.210
  -53200.0   -69.090
  -53100.0   -68.970
  -53000.0   -68.850
  -52900.0   -68.753
  -52800.0   -68.656
  -52700.0   -68.559
  -52600.0   -68.462
  -52500.0   -68.365
  -52400.0   -68.268
  -52300.0   -68.171
  -52200.0   -68.074
  -52100.0   -67.977
  -52000.0   -67.880
  -51900.0   -67.403
  -51800.0   -66.926
  -51700.0   -66.449
  -51600.0   -65.972
  -51500.0   -65.495
  -51400.0   -65.018
  -51300.0   -64.541
  -51200.0   -64.064
  -51100.0   -63.587
  -51000.0   -63.110
  -50900.0   -63.629
  -50800.0   -64.148
  -50700.0   -64.667
  -50600.0   -65.186
  -50500.0   -65.705
  -50400.0   -66.224
  -50300.0   -66.743
  -50200.0   -67.262
  -50100.0   -67.781
  -50000.0   -68.300
  -49900.0   -68.845
  -49800.0   -69.390
  -49700.0   -69.935
  -49600.0   -70.480
  -49500.0   -71.025
  -49400.0   -71.570
  -49300.0   -72.115
  -49200.0   -72.660
  -49100.0   -73.205
  -49000.0   -73.750
  -48900.0   -74.046
  -48800.0   -74.342
  -48700.0   -74.638
  -48600.0   -74.934
  -48500.0   -75.230
  -48400.0   -75.526
  -48300.0   -75.822
  -48200.0   -76.118
  -48100.0   -76.414
  -48000.0   -76.710
  -47900.0   -76.409
  -47800.0   -76.108
  -47700.0   -75.807
  -47600.0   -75.506
  -47500.0   -75.205
  -47400.0   -74.904
  -47300.0   -74.603
  -47200.0   -74.302
  -47100.0   -74.001
  -47000.0   -73.700
  -46900.0   -73.908
  -46800.0   -74.116
  -46700.0   -74.324
  -46600.0   -74.532
  -46500.0   -74.740
  -46400.0   -74.948
  -46300.0   -75.156
  -46200.0   -75.364
  -46100.0   -75.572
  -46000.0   -75.780
  -45900.0   -75.651
  -45800.0   -75.522
  -45700.0   -75.393
  -45600.0   -75.264
  -45500.0   -75.135
  -45400.0   -75.006
  -45300.0   -74.877
  -45200.0   -74.748
  -45100.0   -74.619
  -45000.0   -74.490
  -44900.0   -74.659
  -44800.0   -74.828
  -44700.0   -74.997
  -44600.0   -75.166
  -44500.0   -75.335
  -44400.0   -75.504
  -44300.0   -75.673
  -44200.0   -75.842
  -44100.0   -76.011
  -44000.0   -76.180
  -43900.0   -75.953
  -43800.0   -75.726
  -43700.0   -75.499
  -43600.0   -75.272
  -43500.0   -75.045
  -43400.0   -74.818
  -43300.0   -74.591
  -43200.0   -74.364
  -43100.0   -74.137
  -43000.0   -73.910
  -42900.0   -74.095
  -42800.0   -74.280
  -42700.0   -74.465
  -42600.0   -74.650
  -42500.0   -74.835
  -42400.0   -75.020
  -42300.0   -75.205
  -42200.0   -75.390
  -42100.0   -75.575
  -42000.0   -75.760
  -41900.0   -76.160
  -41800.0   -76.560
  -41700.0   -76.960
  -41600.0   -77.360
  -41500.0   -77.760
  -41400.0   -78.160
  -41300.0   -78.560
  -41200.0   -78.960
  -41100.0   -79.360
  -41000.0   -79.760
  -40900.0   -80.374
  -40800.0   -80.988
  -40700.0   -81.602
  -40600.0   -82.216
  -40500.0   -82.830
  -40400.0   -83.444
  -40300.0   -84.058
  -40200.0   -84.672
  -40100.0   -85.286
  -40000.0   -85.900
  -39900.0   -86.340
  -39800.0   -86.780
  -39700.0   -87.220
  -39600.0   -87.660
  -39500.0   -88.100
  -39400.0   -88.540
  -39300.0   -88.980
  -39200.0   -89.420
  -39100.0   -89.860
  -39000.0   -90.300
  -38900.0   -90.580
  -38800.0   -90.860
  -38700.0   -91.140
  -38600.0   -91.420
  -38500.0   -91.700
  -38400.0   -91.980
  -38300.0   -92.260
  -38200.0   -92.540
  -38100.0   -92.820
  -38000.0   -93.100
  -37900.0   -93.317
  -37800.0   -93.534
  -37700.0   -93.751
  -37600.0   -93.968
  -37500.0   -94.185
  -37400.0   -94.402
  -37300.0   -94.619
  -37200.0   -94.836
  -37100.0   -95.053
  -37000.0   -95.270
  -36900.0   -95.682
  -36800.0   -96.094
  -36700.0   -96.506
  -36600.0   -96.918
  -36500.0   -97.330
  -36400.0   -97.742
  -36300.0   -98.154
  -36200.0   -98.566
  -36100.0   -98.978
  -36000.0   -99.390
  -35900.0   -99.334
  -35800.0   -99.278
  -35700.0   -99.222
  -35600.0   -99.166
  -35500.0   -99.110
  -35400.0   -99.054
  -35300.0   -98.998
  -35200.0   -98.942
  -35100.0   -98.886
  -35000.0   -98.830
  -34900.0   -98.684
  -34800.0   -98.538
  -34700.0   -98.392
  -34600.0   -98.246
  -34500.0   -98.100
  -34400.0   -97.954
  -34300.0   -97.808
  -34200.0   -97.662
  -34100.0   -97.516
  -34000.0   -97.370
  -33900.0   -97.381
  -33800.0   -97.392
  -33700.0   -97.403
  -33600.0   -97.414
  -33500.0   -97.425
  -33400.0   -97.436
  -33300.0   -97.447
  -33200.0   -97.458
  -33100.0   -97.469
  -33000.0   -97.480
  -32900.0   -97.795
  -32800.0   -98.110
  -32700.0   -98.425
  -32600.0   -98.740
  -32500.0   -99.055
  -32400.0   -99.370
  -32300.0   -99.685
  -32200.0  -100.000
  -32100.0  -100.315
  -32000.0  -100.630
  -31900.0  -100.917
  -31800.0  -101.204
  -31700.0  -101.491
  -31600.0  -101.778
  -31500.0  -102.065
  -31400.0  -102.352
  -31300.0  -102.639
  -31200.0  -102.926
  -31100.0  -103.213
  -31000.0  -103.500
  -30900.0  -103.728
  -30800.0  -103.956
  -30700.0  -104.184
  -30600.0  -104.412
  -30500.0  -104.640
  -30400.0  -104.868
  -30300.0  -105.096
  -30200.0  -105.324
  -30100.0  -105.552
  -30000.0  -105.780
  -29900.0  -106.289
  -29800.0  -106.798
  -29700.0  -107.307
  -29600.0  -107.816
  -29500.0  -108.325
  -29400.0  -108.834
  -29300.0  -109.343
  -29200.0  -109.852
  -29100.0  -110.361
  -29000.0  -110.870
  -28900.0  -111.302
  -28800.0  -111.734
  -28700.0  -112.166
  -28600.0  -112.598
  -28500.0  -113.030
  -28400.0  -113.462
  -28300.0  -113.894
  -28200.0  -114.326
  -28100.0  -114.758
  -28000.0  -115.190
  -27900.0  -115.499
  -27800.0  -115.808
  -27700.0  -116.117
  -27600.0  -116.426
  -27500.0  -116.735
  -27400.0  -117.044
  -27300.0  -117.353
  -27200.0  -117.662
  -27100.0  -117.971
  -27000.0  -118.280
  -26900.0  -118.692
  -26800.0  -119.104
  -26700.0  -119.516
  -26600.0  -119.928
  -26500.0  -120.340
  -26400.0  -120.752
  -26300.0  -121.164
  -26200.0  -121.576
  -26100.0  -121.988
  -26000.0  -122.400
  -25900.0  -122.849
  -25800.0  -123.298
  -25700.0  -123.747
  -25600.0  -124.196
  -25500.0  -124.645
  -25400.0  -125.094
  -25300.0  -125.543
  -25200.0  -125.992
  -25100.0  -126.441
  -25000.0  -126.890
  -24900.0  -127.201
  -24800.0  -127.512
  -24700.0  -127.823
  -24600.0  -128.134
  -24500.0  -128.445
  -24400.0  -128.756
  -24300.0  -129.067
  -24200.0  -129.378
  -24100.0  -129.689
  -24000.0  -130.000
  -23900.0  -129.872
  -23800.0  -129.744
  -23700.0  -129.616
  -23600.0  -129.488
  -23500.0  -129.360
  -23400.0  -129.232
  -23300.0  -129.104
  -23200.0  -128.976
  -23100.0  -128.848
  -23000.0  -128.720
  -22900.0  -128.430
  -22800.0  -128.140
  -22700.0  -127.850
  -22600.0  -127.560
  -22500.0  -127.270
  -22400.0  -126.980
  -22300.0  -126.690
  -22200.0  -126.400
  -22100.0  -126.110
  -22000.0  -125.820
  -21900.0  -125.239
  -21800.0  -124.658
  -21700.0  -124.077
  -21600.0  -123.496
  -21500.0  -122.915
  -21400.0  -122.334
  -21300.0  -121.753
  -21200.0  -121.172
  -21100.0  -120.591
  -21000.0  -120.010
  -20900.0  -119.765
  -20800.0  -119.520
  -20700.0  -119.275
  -20600.0  -119.030
  -20500.0  -118.785
  -20400.0  -118.540
  -20300.0  -118.295
  -20200.0  -118.050
  -20100.0  -117.805
  -20000.0  -117.560
  -19900.0  -117.472
  -19800.0  -117.384
  -19700.0  -117.296
  -19600.0  -117.208
  -19500.0  -117.120
  -19400.0  -117.032
  -19300.0  -116.944
  -19200.0  -116.856
  -19100.0  -116.768
  -19000.0  -116.680
  -18900.0  -116.313
  -18800.0  -115.946
  -18700.0  -115.579
  -18600.0  -115.212
  -18500.0  -114.845
  -18400.0  -114.478
  -18300.0  -114.111
  -18200.0  -113.744
  -18100.0  -113.377
  -18000.0  -113.010
  -17900.0  -112.439
  -17800.0  -111.868
  -17700.0  -111.297
  -17600.0  -110.726
  -17500.0  -110.155
  -17400.0  -109.584
  -17300.0  -109.013
  -17200.0  -108.442
  -17100.0  -107.871
  -17000.0  -107.300
  -16900.0  -106.376
  -16800.0  -105.452
  -16700.0  -104.528
  -16600.0  -103.604
  -16500.0  -102.680
  -16400.0  -101.756
  -16300.0  -100.832
  -16200.0   -99.908
  -16100.0   -98.984
  -16000.0   -98.060
  -15900.0   -96.911
  -15800.0   -95.762
  -15700.0   -94.613
  -15600.0   -93.464
  -15500.0   -92.315
  -15400.0   -91.166
  -15300.0   -90.017
  -15200.0   -88.868
  -15100.0   -87.719
  -15000.0   -86.570
  -14900.0   -85.577
  -14800.0   -84.584
  -14700.0   -83.591
  -14600.0   -82.598
  -14500.0   -81.605
  -14400.0   -80.612
  -14300.0   -79.619
  -14200.0   -78.626
  -14100.0   -77.633
  -14000.0   -76.640
  -13900.0   -75.606
  -13800.0   -74.572
  -13700.0   -73.538
  -13600.0   -72.504
  -13500.0   -71.470
  -13400.0   -70.436
  -13300.0   -69.402
  -13200.0   -68.368
  -13100.0   -67.334
  -13000.0   -66.300
  -12900.0   -64.775
  -12800.0   -63.250
  -12700.0   -61.725
  -12600.0   -60.200
  -12500.0   -58.675
  -12400.0   -57.150
  -12300.0   -55.625
  -12200.0   -54.100
  -12100.0   -52.575
  -12000.0   -51.050
  -11900.0   -49.530
  -11800.0   -48.010
  -11700.0   -46.490
  -11600.0   -44.970
  -11500.0   -43.450
  -11400.0   -41.930
  -11300.0   -40.410
  -11200.0   -38.890
  -11100.0   -37.370
  -11000.0   -35.850
  -10900.0   -34.724
  -10800.0   -33.598
  -10700.0   -32.472
  -10600.0   -31.346
  -10500.0   -30.220
  -10400.0   -29.094
  -10300.0   -27.968
  -10200.0   -26.842
  -10100.0   -25.716
  -10000.0   -24.590
   -9900.0   -23.714
   -9800.0   -22.838
   -9700.0   -21.962
   -9600.0   -21.086
   -9500.0   -20.210
   -9400.0   -19.334
   -9300.0   -18.458
   -9200.0   -17.582
   -9100.0   -16.706
   -9000.0   -15.830
   -8900.0   -15.156
   -8800.0   -14.482
   -8700.0   -13.808
   -8600.0   -13.134
   -8500.0   -12.460
   -8400.0   -11.786
   -8300.0   -11.112
   -8200.0   -10.438
   -8100.0    -9.764
   -8000.0    -9.090
   -7900.0    -8.792
   -7800.0    -8.494
   -7700.0    -8.196
   -7600.0    -7.898
   -7500.0    -7.600
   -7400.0    -7.302
   -7300.0    -7.004
   -7200.0    -6.706
   -7100.0    -6.408
   -7000.0    -6.110
   -6900.0    -5.900
   -6800.0    -5.690
   -6700.0    -5.480
   -6600.0    -5.270
   -6500.0    -5.060
   -6400.0    -4.850
   -6300.0    -4.640
   -6200.0    -4.430
   -6100.0    -4.220
   -6000.0    -4.010
   -5900.0    -3.609
   -5800.0    -3.208
   -5700.0    -2.807
   -5600.0    -2.406
   -5500.0    -2.005
   -5400.0    -1.604
   -5300.0    -1.203
   -5200.0    -0.802
   -5100.0    -0.401
   -5000.0     0.000
   -4900.0     0.313
   -4800.0     0.626
   -4700.0     0.939
   -4600.0     1.252
   -4500.0     1.565
   -4400.0     1.878
   -4300.0     2.191
   -4200.0     2.504
   -4100.0     2.817
   -4000.0     3.130
   -3900.0     3.252
   -3800.0     3.374
   -3700.0     3.496
   -3600.0     3.618
   -3500.0     3.740
   -3400.0     3.862
   -3300.0     3.984
   -3200.0     4.106
   -3100.0     4.228
   -3000.0     4.350
   -2900.0     4.316
   -2800.0     4.282
   -2700.0     4.248
   -2600.0     4.214
   -2500.0     4.180
   -2400.0     4.146
   -2300.0     4.112
   -2200.0     4.078
   -2100.0     4.044
   -2000.0     4.010
   -1900.0     4.372
   -1800.0     4.734
   -1700.0     5.096
   -1600.0     5.458
   -1500.0     5.820
   -1400.0     6.182
   -1300.0     6.544
   -1200.0     6.906
   -1100.0     7.268
   -1000.0     7.630
    -900.0     7.716
    -800.0     7.802
    -700.0     7.888
    -600.0     7.974
    -500.0     8.060
    -400.0     8.146
    -300.0     8.232
    -200.0     8.318
    -100.0     8.404
       0.0     8.490