 -429500.0   -96.600
 -429400.0   -95.581
 -429300.0   -94.563
 -429200.0   -93.544
 -429100.0   -92.525
 -429000.0   -91.507
 -428900.0   -90.488
 -428800.0   -89.469
 -428700.0   -88.451
 -428600.0   -87.432
 -428500.0   -86.413
 -428400.0   -85.395
 -428300.0   -84.376
 -428200.0   -83.357
 -428100.0   -82.339
 -428000.0   -81.320
 -427900.0   -80.570
 -427800.0   -79.820
 -427700.0   -79.070
 -427600.0   -78.320
 -427500.0   -77.570
 -427400.0   -76.820
 -427300.0   -76.070
 -427200.0   -75.320
 -427100.0   -74.570
 -427000.0   -73.820
 -426900.0   -73.070
 -426800.0   -72.320
 -426700.0   -71.570
 -426600.0   -70.820
 -426500.0   -70.070
 -426400.0   -69.505
 -426300.0   -68.939
 -426200.0   -68.374
 -426100.0   -67.809
 -426000.0   -67.243
 -425900.0   -66.678
 -425800.0   -66.113
 -425700.0   -65.547
 -425600.0   -64.982
 -425500.0   -64.417
 -425400.0   -63.851
 -425300.0   -63.286
 -425200.0   -62.721
 -425100.0   -62.155
 -425000.0   -61.590
 -424900.0   -61.024
 -424800.0   -60.458
 -424700.0   -59.892
 -424600.0   -59.326
 -424500.0   -58.760
 -424400.0   -58.194
 -424300.0   -57.628
 -424200.0   -57.062
 -424100.0   -56.496
 -424000.0   -55.930
 -423900.0   -55.364
 -423800.0   -54.798
 -423700.0   -54.232
 -423600.0   -53.666
 -423500.0   -53.100
 -423400.0   -52.535
 -423300.0   -51.969
 -423200.0   -51.404
 -423100.0   -50.839
 -423000.0   -50.273
 -422900.0   -49.708
 -422800.0   -49.143
 -422700.0   -48.577
 -422600.0   -48.012
 -422500.0   -47.447
 -422400.0   -46.881
 -422300.0   -46.316
 -422200.0   -45.751
 -422100.0   -45.185
 -422000.0   -44.620
 -421900.0   -44.058
 -421800.0   -43.496
 -421700.0   -42.934
 -421600.0   -42.372
 -421500.0   -41.810
 -421400.0   -41.248
 -421300.0   -40.686
 -421200.0   -40.124
 -421100.0   -39.562
 -421000.0   -39.000
 -420900.0   -38.438
 -420800.0   -37.876
 -420700.0   -37.314
 -420600.0   -36.752
 -420500.0   -36.190
 -420400.0   -35.645
 -420300.0   -35.101
 -420200.0   -34.556
 -420100.0   -34.011
 -420000.0   -33.467
 -419900.0   -32.922
 -419800.0   -32.377
 -419700.0   -31.833
 -419600.0   -31.288
 -419500.0   -30.743
 -419400.0   -30.199
 -419300.0   -29.654
 -419200.0   -29.109
 -419100.0   -28.565
 -419000.0   -28.020
 -418900.0   -27.476
 -418800.0   -26.932
 -418700.0   -26.388
 -418600.0   -25.844
 -418500.0   -25.300
 -418400.0   -24.756
 -418300.0   -24.212
 -418200.0   -23.668
 -418100.0   -23.124
 -418000.0   -22.580
 -417900.0   -22.036
 -417800.0   -21.492
 -417700.0   -20.948
 -417600.0   -20.404
 -417500.0   -19.860
 -417400.0   -19.315
 -417300.0   -18.771
 -417200.0   -18.226
 -417100.0   -17.681
 -417000.0   -17.137
 -416900.0   -16.592
 -416800.0   -16.047
 -416700.0   -15.503
 -416600.0   -14.958
 -416500.0   -14.413
 -416400.0   -13.869
 -416300.0   -13.324
 -416200.0   -12.779
 -416100.0   -12.235
 -416000.0   -11.690
 -415900.0   -11.145
 -415800.0   -10.601
 -415700.0   -10.056
 -415600.0    -9.511
 -415500.0    -8.967
 -415400.0    -8.422
 -415300.0    -7.877
 -415200.0    -7.333
 -415100.0    -6.788
 -415000.0    -6.243
 -414900.0    -5.699
 -414800.0    -5.154
 -414700.0    -4.609
 -414600.0    -4.065
 -414500.0    -3.520
 -414400.0    -3.301
 -414300.0    -3.081
 -414200.0    -2.862
 -414100.0    -2.643
 -414000.0    -2.423
 -413900.0    -2.204
 -413800.0    -1.985
 -413700.0    -1.765
 -413600.0    -1.546
 -413500.0    -1.327
 -413400.0    -1.107
 -413300.0    -0.888
 -413200.0    -0.669
 -413100.0    -0.449
 -413000.0    -0.230
 -412900.0    -0.099
 -412800.0     0.033
 -412700.0     0.164
 -412600.0     0.295
 -412500.0     0.427
 -412400.0     0.558
 -412300.0     0.689
 -412200.0     0.821
 -412100.0     0.952
 -412000.0     1.083
 -411900.0     1.215
 -411800.0     1.346
 -411700.0     1.477
 -411600.0     1.609
 -411500.0     1.740
 -411400.0     1.871
 -411300.0     2.003
 -411200.0     2.134
 -411100.0     2.265
 -411000.0     2.397
 -410900.0     2.528
 -410800.0     2.659
 -410700.0     2.791
 -410600.0     2.922
 -410500.0     3.053
 -410400.0     3.185
 -410300.0     3.316
 -410200.0     3.447
 -410100.0     3.579
 -410000.0     3.710
 -409900.0     3.841
 -409800.0     3.973
 -409700.0     4.104
 -409600.0     4.235
 -409500.0     4.367
 -409400.0     4.498
 -409300.0     4.629
 -409200.0     4.761
 -409100.0     4.892
 -409000.0     5.023
 -408900.0     5.155
 -408800.0     5.286
 -408700.0     5.417
 -408600.0     5.549
 -408500.0     5.680
 -408400.0     5.730
 -408300.0     5.780
 -408200.0     5.830
 -408100.0     5.880
 -408000.0     5.930
 -407900.0     5.980
 -407800.0     6.030
 -407700.0     6.080
 -407600.0     6.130
 -407500.0     6.180
 -407400.0     6.230
 -407300.0     6.280
 -407200.0     6.330
 -407100.0     6.380
 -407000.0     6.430
 -406900.0     6.351
 -406800.0     6.273
 -406700.0     6.194
 -406600.0     6.115
 -406500.0     6.037
 -406400.0     5.958
 -406300.0     5.879
 -406200.0     5.801
 -406100.0     5.722
 -406000.0     5.643
 -405900.0     5.565
 -405800.0     5.486
 -405700.0     5.407
 -405600.0     5.329
 -405500.0     5.250
 -405400.0     5.199
 -405300.0     5.149
 -405200.0     5.098
 -405100.0     5.047
 -405000.0     4.997
 -404900.0     4.946
 -404800.0     4.895
 -404700.0     4.845
 -404600.0     4.794
 -404500.0     4.743
 -404400.0     4.693
 -404300.0     4.642
 -404200.0     4.591
 -404100.0     4.541
 -404000.0     4.490
 -403900.0     4.556
 -403800.0     4.622
 -403700.0     4.688
 -403600.0     4.754
 -403500.0     4.820
 -403400.0     4.886
 -403300.0     4.952
 -403200.0     5.018
 -403100.0     5.084
 -403000.0     5.150
 -402900.0     5.216
 -402800.0     5.282
 -402700.0     5.348
 -402600.0     5.414
 -402500.0     5.480
 -402400.0     5.545
 -402300.0     5.611
 -402200.0     5.676
 -402100.0     5.741
 -402000.0     5.807
 -401900.0     5.872
 -401800.0     5.937
 -401700.0     6.003
 -401600.0     6.068
 -401500.0     6.133
 -401400.0     6.199
 -401300.0     6.264
 -401200.0     6.329
 -401100.0     6.395
 -401000.0     6.460
 -400900.0     6.330
 -400800.0     6.200
 -400700.0     6.070
 -400600.0     5.940
 -400500.0     5.810
 -400400.0     5.680
 -400300.0     5.550
 -400200.0     5.420
 -400100.0     5.290
 -400000.0     5.160
 -399900.0     5.030
 -399800.0     4.900
 -399700.0     4.770
 -399600.0     4.640
 -399500.0     4.510
 -399400.0     4.381
 -399300.0     4.251
 -399200.0     4.122
 -399100.0     3.993
 -399000.0     3.863
 -398900.0     3.734
 -398800.0     3.605
 -398700.0     3.475
 -398600.0     3.346
 -398500.0     3.217
 -398400.0     3.087
 -398300.0     2.958
 -398200.0     2.829
 -398100.0     2.699
 -398000.0     2.570
 -397900.0     2.440
 -397800.0     2.310
 -397700.0     2.180
 -397600.0     2.050
 -397500.0     1.920
 -397400.0     1.790
 -397300.0     1.660
 -397200.0     1.530
 -397100.0     1.400
 -397000.0     1.270
 -396900.0     1.140
 -396800.0     1.010
 -396700.0     0.880
 -396600.0     0.750
 -396500.0     0.620
 -396400.0     0.494
 -396300.0     0.368
 -396200.0     0.242
 -396100.0     0.116
 -396000.0    -0.010
 -395900.0    -0.136
 -395800.0    -0.262
 -395700.0    -0.388
 -395600.0    -0.514
 -395500.0    -0.640
 -395400.0    -0.766
 -395300.0    -0.892
 -395200.0    -1.018
 -395100.0    -1.144
 -395000.0    -1.270
 -394900.0    -1.387
 -394800.0    -1.503
 -394700.0    -1.620
 -394600.0    -1.737
 -394500.0    -1.853
 -394400.0    -1.970
 -394300.0    -2.087
 -394200.0    -2.203
 -394100.0    -2.320
 -394000.0    -2.437
 -393900.0    -2.553
 -393800.0    -2.670
 -393700.0    -2.787
 -393600.0    -2.903
 -393500.0    -3.020
 -393400.0    -3.137
 -393300.0    -3.255
 -393200.0    -3.372
 -393100.0    -3.489
 -393000.0    -3.607
 -392900.0    -3.724
 -392800.0    -3.841
 -392700.0    -3.959
 -392600.0    -4.076
 -392500.0    -4.193
 -392400.0    -4.311
 -392300.0    -4.428
 -392200.0    -4.545
 -392100.0    -4.663
 -392000.0    -4.780
 -391900.0    -4.897
 -391800.0    -5.015
 -391700.0    -5.132
 -391600.0    -5.249
 -391500.0    -5.367
 -391400.0    -5.484
 -391300.0    -5.601
 -391200.0    -5.719
 -391100.0    -5.836
 -391000.0    -5.953
 -390900.0    -6.071
 -390800.0    -6.188
 -390700.0    -6.305
 -390600.0    -6.423
 -390500.0    -6.540
 -390400.0    -6.515
 -390300.0    -6.489
 -390200.0    -6.464
 -390100.0    -6.439
 -390000.0    -6.413
 -389900.0    -6.388
 -389800.0    -6.363
 -389700.0    -6.337
 -389600.0    -6.312
 -389500.0    -6.287
 -389400.0    -6.261
 -389300.0    -6.236
 -389200.0    -6.211
 -389100.0    -6.185
 -389000.0    -6.160
 -388900.0    -6.411
 -388800.0    -6.661
 -388700.0    -6.912
 -388600.0    -7.163
 -388500.0    -7.413
 -388400.0    -7.664
 -388300.0    -7.915
 -388200.0    -8.165
 -388100.0    -8.416
 -388000.0    -8.667
 -387900.0    -8.917
 -387800.0    -9.168
 -387700.0    -9.419
 -387600.0    -9.669
 -387500.0    -9.920
 -387400.0   -10.117
 -387300.0   -10.313
 -387200.0   -10.510
 -387100.0   -10.707
 -387000.0   -10.903
 -386900.0   -11.100
 -386800.0   -11.297
 -386700.0   -11.493
 -386600.0   -11.690
 -386500.0   -11.887
 -386400.0   -12.083
 -386300.0   -12.280
 -386200.0   -12.477
 -386100.0   -12.673
 -386000.0   -12.870
 -385900.0   -13.066
 -385800.0   -13.262
 -385700.0   -13.458
 -385600.0   -13.654
 -385500.0   -13.850
 -385400.0   -14.046
 -385300.0   -14.242
 -385200.0   -14.438
 -385100.0   -14.634
 -385000.0   -14.830
 -384900.0   -15.026
 -384800.0   -15.222
 -384700.0   -15.418
 -384600.0   -15.614
 -384500.0   -15.810
 -384400.0   -16.007
 -384300.0   -16.203
 -384200.0   -16.400
 -384100.0   -16.597
 -384000.0   -16.793
 -383900.0   -16.990
 -383800.0   -17.187
 -383700.0   -17.383
 -383600.0   -17.580
 -383500.0   -17.777
 -383400.0   -17.973
 -383300.0   -18.170
 -383200.0   -18.367
 -383100.0   -18.563
 -383000.0   -18.760
 -382900.0   -18.956
 -382800.0   -19.152
 -382700.0   -19.348
 -382600.0   -19.544
 -382500.0   -19.740
 -382400.0   -19.936
 -382300.0   -20.132
 -382200.0   -20.328
 -382100.0   -20.524
 -382000.0   -20.720
 -381900.0   -20.916
 -381800.0   -21.112
 -381700.0   -21.308
 -381600.0   -21.504
 -381500.0   -21.700
 -381400.0   -21.897
 -381300.0   -22.093
 -381200.0   -22.290
 -381100.0   -22.487
 -381000.0   -22.683
 -380900.0   -22.880
 -380800.0   -23.077
 -380700.0   -23.273
 -380600.0   -23.470
 -380500.0   -23.667
 -380400.0   -23.863
 -380300.0   -24.060
 -380200.0   -24.257
 -380100.0   -24.453
 -380000.0   -24.650
 -379900.0   -24.672
 -379800.0   -24.694
 -379700.0   -24.716
 -379600.0   -24.738
 -379500.0   -24.760
 -379400.0   -24.782
 -379300.0   -24.804
 -379200.0   -24.826
 -379100.0   -24.848
 -379000.0   -24.870
 -378900.0   -24.892
 -378800.0   -24.914
 -378700.0   -24.936
 -378600.0   -24.958
 -378500.0   -24.980
 -378400.0   -25.002
 -378300.0   -25.024
 -378200.0   -25.046
 -378100.0   -25.068
 -378000.0   -25.090
 -377900.0   -25.112
 -377800.0   -25.134
 -377700.0   -25.156
 -377600.0   -25.178
 -377500.0   -25.200
 -377400.0   -25.222
 -377300.0   -25.244
 -377200.0   -25.266
 -377100.0   -25.288
 -377000.0   -25.310
 -376900.0   -25.460
 -376800.0   -25.610
 -376700.0   -25.760
 -376600.0   -25.910
 -376500.0   -26.060
 -376400.0   -26.210
 -376300.0   -26.360
 -376200.0   -26.510
 -376100.0   -26.660
 -376000.0   -26.810
 -375900.0   -26.960
 -375800.0   -27.110
 -375700.0   -27.260
 -375600.0   -27.410
 -375500.0   -27.560
 -375400.0   -27.747
 -375300.0   -27.935
 -375200.0   -28.122
 -375100.0   -28.309
 -375000.0   -28.497
 -374900.0   -28.684
 -374800.0   -28.871
 -374700.0   -29.059
 -374600.0   -29.246
 -374500.0   -29.433
 -374400.0   -29.621
 -374300.0   -29.808
 -374200.0   -29.995
 -374100.0   -30.183
 -374000.0   -30.370
 -373900.0   -30.663
 -373800.0   -30.955
 -373700.0   -31.248
 -373600.0   -31.541
 -373500.0   -31.833
 -373400.0   -32.126
 -373300.0   -32.419
 -373200.0   -32.711
 -373100.0   -33.004
 -373000.0   -33.297
 -372900.0   -33.589
 -372800.0   -33.882
 -372700.0   -34.175
 -372600.0   -34.467
 -372500.0   -34.760
 -372400.0   -35.134
 -372300.0   -35.508
 -372200.0   -35.882
 -372100.0   -36.256
 -372000.0   -36.630
 -371900.0   -37.004
 -371800.0   -37.378
 -371700.0   -37.752
 -371600.0   -38.126
 -371500.0   -38.500
 -371400.0   -38.874
 -371300.0   -39.248
 -371200.0   -39.622
 -371100.0   -39.996
 -371000.0   -40.370
 -370900.0   -40.575
 -370800.0   -40.781
 -370700.0   -40.986
 -370600.0   -41.191
 -370500.0   -41.397
 -370400.0   -41.602
 -370300.0   -41.807
 -370200.0   -42.013
 -370100.0   -42.218
 -370000.0   -42.423
 -369900.0   -42.629
 -369800.0   -42.834
 -369700.0   -43.039
 -369600.0   -43.245
 -369500.0   -43.450
 -369400.0   -43.337
 -369300.0   -43.223
 -369200.0   -43.110
 -369100.0   -42.997
 -369000.0   -42.883
 -368900.0   -42.770
 -368800.0   -42.657
 -368700.0   -42.543
 -368600.0   -42.430
 -368500.0   -42.317
 -368400.0   -42.203
 -368300.0   -42.090
 -368200.0   -41.977
 -368100.0   -41.863
 -368000.0   -41.750
 -367900.0   -41.697
 -367800.0   -41.645
 -367700.0   -41.592
 -367600.0   -41.539
 -367500.0   -41.487
 -367400.0   -41.434
 -367300.0   -41.381
 -367200.0   -41.329
 -367100.0   -41.276
 -367000.0   -41.223
 -366900.0   -41.171
 -366800.0   -41.118
 -366700.0   -41.065
 -366600.0   -41.013
 -366500.0   -40.960
 -366400.0   -41.307
 -366300.0   -41.655
 -366200.0   -42.002
 -366100.0   -42.349
 -366000.0   -42.697
 -365900.0   -43.044
 -365800.0   -43.391
 -365700.0   -43.739
 -365600.0   -44.086
 -365500.0   -44.433
 -365400.0   -44.781
 -365300.0   -45.128
 -365200.0   -45.475
 -365100.0   -45.823
 -365000.0   -46.170
 -364900.0   -46.505
 -364800.0   -46.839
 -364700.0   -47.174
 -364600.0   -47.509
 -364500.0   -47.843
 -364400.0   -48.178
 -364300.0   -48.513
 -364200.0   -48.847
 -364100.0   -49.182
 -364000.0   -49.517
 -363900.0   -49.851
 -363800.0   -50.186
 -363700.0   -50.521
 -363600.0   -50.855
 -363500.0   -51.190
 -363400.0   -51.349
 -363300.0   -51.509
 -363200.0   -51.668
 -363100.0   -51.827
 -363000.0   -51.987
 -362900.0   -52.146
 -362800.0   -52.305
 -362700.0   -52.465
 -362600.0   -52.624
 -362500.0   -52.783
 -362400.0   -52.943
 -362300.0   -53.102
 -362200.0   -53.261
 -362100.0   -53.421
 -362000.0   -53.580
 -361900.0   -53.639
 -361800.0   -53.697
 -361700.0   -53.756
 -361600.0   -53.815
 -361500.0   -53.873
 -361400.0   -53.932
 -361300.0   -53.991
 -361200.0   -54.049
 -361100.0   -54.108
 -361000.0   -54.167
 -360900.0   -54.225
 -360800.0   -54.284
 -360700.0   -54.343
 -360600.0   -54.401
 -360500.0   -54.460
 -360400.0   -54.375
 -360300.0   -54.289
 -360200.0   -54.204
 -360100.0   -54.119
 -360000.0   -54.033
 -359900.0   -53.948
 -359800.0   -53.863
 -359700.0   -53.777
 -359600.0   -53.692
 -359500.0   -53.607
 -359400.0   -53.521
 -359300.0   -53.436
 -359200.0   -53.351
 -359100.0   -53.265
 -359000.0   -53.180
 -358900.0   -53.689
 -358800.0   -54.197
 -358700.0   -54.706
 -358600.0   -55.215
 -358500.0   -55.723
 -358400.0   -56.232
 -358300.0   -56.741
 -358200.0   -57.249
 -358100.0   -57.758
 -358000.0   -58.267
 -357900.0   -58.775
 -357800.0   -59.284
 -357700.0   -59.793
 -357600.0   -60.301
 -357500.0   -60.810
 -357400.0   -61.267
 -357300.0   -61.725
 -357200.0   -62.182
 -357100.0   -62.639
 -357000.0   -63.097
 -356900.0   -63.554
 -356800.0   -64.011
 -356700.0   -64.469
 -356600.0   -64.926
 -356500.0   -65.383
 -356400.0   -65.841
 -356300.0   -66.298
 -356200.0   -66.755
 -356100.0   -67.213
 -356000.0   -67.670
 -355900.0   -67.946
 -355800.0   -68.222
 -355700.0   -68.498
 -355600.0   -68.774
 -355500.0   -69.050
 -355400.0   -69.326
 -355300.0   -69.602
 -355200.0   -69.878
 -355100.0   -70.154
 -355000.0   -70.430
 -354900.0   -70.706
 -354800.0   -70.982
 -354700.0   -71.258
 -354600.0   -71.534
 -354500.0   -71.810
 -354400.0   -72.324
 -354300.0   -72.838
 -354200.0   -73.352
 -354100.0   -73.866
 -354000.0   -74.380
 -353900.0   -74.894
 -353800.0   -75.408
 -353700.0   -75.922
 -353600.0   -76.436
 -353500.0   -76.950
 -353400.0   -77.464
 -353300.0   -77.978
 -353200.0   -78.492
 -353100.0   -79.006
 -353000.0   -79.520
 -352900.0   -79.872
 -352800.0   -80.224
 -352700.0   -80.576
 -352600.0   -80.928
 -352500.0   -81.280
 -352400.0   -81.632
 -352300.0   -81.984
 -352200.0   -82.336
 -352100.0   -82.688
 -352000.0   -83.040
 -351900.0   -83.392
 -351800.0   -83.744
 -351700.0   -84.096
 -351600.0   -84.448
 -351500.0   -84.800
 -351400.0   -83.907
 -351300.0   -83.015
 -351200.0   -82.122
 -351100.0   -81.229
 -351000.0   -80.337
 -350900.0   -79.444
 -350800.0   -78.551
 -350700.0   -77.659
 -350600.0   -76.766
 -350500.0   -75.873
 -350400.0   -74.981
 -350300.0   -74.088
 -350200.0   -73.195
 -350100.0   -72.303
 -350000.0   -71.410
 -349900.0   -72.543
 -349800.0   -73.677
 -349700.0   -74.810
 -349600.0   -75.943
 -349500.0   -77.077
 -349400.0   -78.210
 -349300.0   -79.343
 -349200.0   -80.477
 -349100.0   -81.610
 -349000.0   -82.743
 -348900.0   -83.877
 -348800.0   -85.010
 -348700.0   -86.143
 -348600.0   -87.277
 -348500.0   -88.410
 -348400.0   -89.543
 -348300.0   -90.675
 -348200.0   -91.808
 -348100.0   -92.941
 -348000.0   -94.073
 -347900.0   -95.206
 -347800.0   -96.339
 -347700.0   -97.471
 -347600.0   -98.604
 -347500.0   -99.737
 -347400.0  -100.869
 -347300.0  -102.002
 -347200.0  -103.135
 -347100.0  -104.267
 -347000.0  -105.400
 -346900.0  -106.246
 -346800.0  -107.092
 -346700.0  -107.938
 -346600.0  -108.784
 -346500.0  -109.630
 -346400.0  -110.476
 -346300.0  -111.322
 -346200.0  -112.168
 -346100.0  -113.014
 -346000.0  -113.860
 -345900.0  -114.706
 -345800.0  -115.552
 -345700.0  -116.398
 -345600.0  -117.244
 -345500.0  -118.090
 -345400.0  -118.607
 -345300.0  -119.123
 -345200.0  -119.640
 -345100.0  -120.157
 -345000.0  -120.673
 -344900.0  -121.190
 -344800.0  -121.707
 -344700.0  -122.223
 -344600.0  -122.740
 -344500.0  -123.257
 -344400.0  -123.773
 -344300.0  -124.290
 -344200.0  -124.807
 -344100.0  -125.323
 -344000.0  -125.840
 -343900.0  -125.783
 -343800.0  -125.727
 -343700.0  -125.670
 -343600.0  -125.613
 -343500.0  -125.557
 -343400.0  -125.500
 -343300.0  -125.443
 -343200.0  -125.387
 -343100.0  -125.330
 -343000.0  -125.273
 -342900.0  -125.217
 -342800.0  -125.160
 -342700.0  -125.103
 -342600.0  -125.047
 -342500.0  -124.990
 -342400.0  -124.299
 -342300.0  -123.607
 -342200.0  -122.916
 -342100.0  -122.225
 -342000.0  -121.533
 -341900.0  -120.842
 -341800.0  -120.151
 -341700.0  -119.459
 -341600.0  -118.768
 -341500.0  -118.077
 -341400.0  -117.385
 -341300.0  -116.694
 -341200.0  -116.003
 -341100.0  -115.311
 -341000.0  -114.620
 -340900.0  -113.611
 -340800.0  -112.601
 -340700.0  -111.592
 -340600.0  -110.583
 -340500.0  -109.573
 -340400.0  -108.564
 -340300.0  -107.555
 -340200.0  -106.545
 -340100.0  -105.536
 -340000.0  -104.527
 -339900.0  -103.517
 -339800.0  -102.508
 -339700.0  -101.499
 -339600.0  -100.489
 -339500.0   -99.480
 -339400.0   -98.063
 -339300.0   -96.645
 -339200.0   -95.228
 -339100.0   -93.811
 -339000.0   -92.393
 -338900.0   -90.976
 -338800.0   -89.559
 -338700.0   -88.141
 -338600.0   -86.724
 -338500.0   -85.307
 -338400.0   -83.889
 -338300.0   -82.472
 -338200.0   -81.055
 -338100.0   -79.637
 -338000.0   -78.220
 -337900.0   -76.560
 -337800.0   -74.900
 -337700.0   -73.240
 -337600.0   -71.580
 -337500.0   -69.920
 -337400.0   -68.260
 -337300.0   -66.600
 -337200.0   -64.940
 -337100.0   -63.280
 -337000.0   -61.620
 -336900.0   -59.960
 -336800.0   -58.300
 -336700.0   -56.640
 -336600.0   -54.980
 -336500.0   -53.320
 -336400.0   -51.765
 -336300.0   -50.211
 -336200.0   -48.656
 -336100.0   -47.101
 -336000.0   -45.547
 -335900.0   -43.992
 -335800.0   -42.437
 -335700.0   -40.883
 -335600.0   -39.328
 -335500.0   -37.773
 -335400.0   -36.219
 -335300.0   -34.664
 -335200.0   -33.109
 -335100.0   -31.555
 -335000.0   -30.000
 -334900.0   -28.377
 -334800.0   -26.753
 -334700.0   -25.130
 -334600.0   -23.507
 -334500.0   -21.883
 -334400.0   -20.260
 -334300.0   -18.637
 -334200.0   -17.013
 -334100.0   -15.390
 -334000.0   -13.767
 -333900.0   -12.143
 -333800.0   -10.520
 -333700.0    -8.897
 -333600.0    -7.273
 -333500.0    -5.650
 -333400.0    -5.045
 -333300.0    -4.441
 -333200.0    -3.836
 -333100.0    -3.231
 -333000.0    -2.627
 -332900.0    -2.022
 -332800.0    -1.417
 -332700.0    -0.813
 -332600.0    -0.208
 -332500.0     0.397
 -332400.0     1.001
 -332300.0     1.606
 -332200.0     2.211
 -332100.0     2.815
 -332000.0     3.420
 -331900.0     3.504
 -331800.0     3.588
 -331700.0     3.672
 -331600.0     3.756
 -331500.0     3.840
 -331400.0     3.924
 -331300.0     4.008
 -331200.0     4.092
 -331100.0     4.176
 -331000.0     4.260
 -330900.0     4.344
 -330800.0     4.428
 -330700.0     4.512
 -330600.0     4.596
 -330500.0     4.680
 -330400.0     4.619
 -330300.0     4.557
 -330200.0     4.496
 -330100.0     4.435
 -330000.0     4.373
 -329900.0     4.312
 -329800.0     4.251
 -329700.0     4.189
 -329600.0     4.128
 -329500.0     4.067
 -329400.0     4.005
 -329300.0     3.944
 -329200.0     3.883
 -329100.0     3.821
 -329000.0     3.760
 -328900.0     3.549
 -328800.0     3.339
 -328700.0     3.128
 -328600.0     2.917
 -328500.0     2.707
 -328400.0     2.496
 -328300.0     2.285
 -328200.0     2.075
 -328100.0     1.864
 -328000.0     1.653
 -327900.0     1.443
 -327800.0     1.232
 -327700.0     1.021
 -327600.0     0.811
 -327500.0     0.600
 -327400.0     0.488
 -327300.0     0.376
 -327200.0     0.264
 -327100.0     0.152
 -327000.0     0.040
 -326900.0    -0.072
 -326800.0    -0.184
 -326700.0    -0.296
 -326600.0    -0.408
 -326500.0    -0.520
 -326400.0    -0.632
 -326300.0    -0.744
 -326200.0    -0.856
 -326100.0    -0.968
 -326000.0    -1.080
 -325900.0    -1.194
 -325800.0    -1.308
 -325700.0    -1.422
 -325600.0    -1.536
 -325500.0    -1.650
 -325400.0    -1.764
 -325300.0    -1.878
 -325200.0    -1.992
 -325100.0    -2.106
 -325000.0    -2.220
 -324900.0    -2.334
 -324800.0    -2.448
 -324700.0    -2.562
 -324600.0    -2.676
 -324500.0    -2.790
 -324400.0    -3.150
 -324300.0    -3.510
 -324200.0    -3.870
 -324100.0    -4.230
 -324000.0    -4.590
 -323900.0    -4.950
 -323800.0    -5.310
 -323700.0    -5.670
 -323600.0    -6.030
 -323500.0    -6.390
 -323400.0    -6.750
 -323300.0    -7.110
 -323200.0    -7.470
 -323100.0    -7.830
 -323000.0    -8.190
 -322900.0    -8.788
 -322800.0    -9.386
 -322700.0    -9.984
 -322600.0   -10.582
 -322500.0   -11.180
 -322400.0   -11.778
 -322300.0   -12.376
 -322200.0   -12.974
 -322100.0   -13.572
 -322000.0   -14.170
 -321900.0   -14.768
 -321800.0   -15.366
 -321700.0   -15.964
 -321600.0   -16.562
 -321500.0   -17.160
 -321400.0   -17.465
 -321300.0   -17.769
 -321200.0   -18.074
 -321100.0   -18.379
 -321000.0   -18.683
 -320900.0   -18.988
 -320800.0   -19.293
 -320700.0   -19.597
 -320600.0   -19.902
 -320500.0   -20.207
 -320400.0   -20.511
 -320300.0   -20.816
 -320200.0   -21.121
 -320100.0   -21.425
 -320000.0   -21.730
 -319900.0   -21.722
 -319800.0   -21.714
 -319700.0   -21.706
 -319600.0   -21.698
 -319500.0   -21.690
 -319400.0   -21.682
 -319300.0   -21.674
 -319200.0   -21.666
 -319100.0   -21.658
 -319000.0   -21.650
 -318900.0   -21.642
 -318800.0   -21.634
 -318700.0   -21.626
 -318600.0   -21.618
 -318500.0   -21.610
 -318400.0   -21.579
 -318300.0   -21.549
 -318200.0   -21.518
 -318100.0   -21.487
 -318000.0   -21.457
 -317900.0   -21.426
 -317800.0   -21.395
 -317700.0   -21.365
 -317600.0   -21.334
 -317500.0   -21.303
 -317400.0   -21.273
 -317300.0   -21.242
 -317200.0   -21.211
 -317100.0   -21.181
 -317000.0   -21.150
 -316900.0   -20.997
 -316800.0   -20.845
 -316700.0   -20.692
 -316600.0   -20.539
 -316500.0   -20.387
 -316400.0   -20.234
 -316300.0   -20.081
 -316200.0   -19.929
 -316100.0   -19.776
 -316000.0   -19.623
 -315900.0   -19.471
 -315800.0   -19.318
 -315700.0   -19.165
 -315600.0   -19.013
 -315500.0   -18.860
 -315400.0   -18.743
 -315300.0   -18.627
 -315200.0   -18.510
 -315100.0   -18.393
 -315000.0   -18.277
 -314900.0   -18.160
 -314800.0   -18.043
 -314700.0   -17.927
 -314600.0   -17.810
 -314500.0   -17.693
 -314400.0   -17.577
 -314300.0   -17.460
 -314200.0   -17.343
 -314100.0   -17.227
 -314000.0   -17.110
 -313900.0   -17.029
 -313800.0   -16.949
 -313700.0   -16.868
 -313600.0   -16.787
 -313500.0   -16.707
 -313400.0   -16.626
 -313300.0   -16.545
 -313200.0   -16.465
 -313100.0   -16.384
 -313000.0   -16.303
 -312900.0   -16.223
 -312800.0   -16.142
 -312700.0   -16.061
 -312600.0   -15.981
 -312500.0   -15.900
 -312400.0   -16.136
 -312300.0   -16.372
 -312200.0   -16.608
 -312100.0   -16.844
 -312000.0   -17.080
 -311900.0   -17.316
 -311800.0   -17.552
 -311700.0   -17.788
 -311600.0   -18.024
 -311500.0   -18.260
 -311400.0   -18.496
 -311300.0   -18.732
 -311200.0   -18.968
 -311100.0   -19.204
 -311000.0   -19.440
 -310900.0   -19.835
 -310800.0   -20.231
 -310700.0   -20.626
 -310600.0   -21.021
 -310500.0   -21.417
 -310400.0   -21.812
 -310300.0   -22.207
 -310200.0   -22.603
 -310100.0   -22.998
 -310000.0   -23.393
 -309900.0   -23.789
 -309800.0   -24.184
 -309700.0   -24.579
 -309600.0   -24.975
 -309500.0   -25.370
 -309400.0   -25.643
 -309300.0   -25.915
 -309200.0   -26.188
 -309100.0   -26.461
 -309000.0   -26.733
 -308900.0   -27.006
 -308800.0   -27.279
 -308700.0   -27.551
 -308600.0   -27.824
 -308500.0   -28.097
 -308400.0   -28.369
 -308300.0   -28.642
 -308200.0   -28.915
 -308100.0   -29.187
 -308000.0   -29.460
 -307900.0   -29.421
 -307800.0   -29.383
 -307700.0   -29.344
 -307600.0   -29.305
 -307500.0   -29.267
 -307400.0   -29.228
 -307300.0   -29.189
 -307200.0   -29.151
 -307100.0   -29.112
 -307000.0   -29.073
 -306900.0   -29.035
 -306800.0   -28.996
 -306700.0   -28.957
 -306600.0   -28.919
 -306500.0   -28.880
 -306400.0   -28.917
 -306300.0   -28.953
 -306200.0   -28.990
 -306100.0   -29.027
 -306000.0   -29.063
 -305900.0   -29.100
 -305800.0   -29.137
 -305700.0   -29.173
 -305600.0   -29.210
 -305500.0   -29.247
 -305400.0   -29.283
 -305300.0   -29.320
 -305200.0   -29.357
 -305100.0   -29.393
 -305000.0   -29.430
 -304900.0   -29.621
 -304800.0   -29.813
 -304700.0   -30.004
 -304600.0   -30.195
 -304500.0   -30.387
 -304400.0   -30.578
 -304300.0   -30.769
 -304200.0   -30.961
 -304100.0   -31.152
 -304000.0   -31.343
 -303900.0   -31.535
 -303800.0   -31.726
 -303700.0   -31.917
 -303600.0   -32.109
 -303500.0   -32.300
 -303400.0   -32.949
 -303300.0   -33.597
 -303200.0   -34.246
 -303100.0   -34.895
 -303000.0   -35.543
 -302900.0   -36.192
 -302800.0   -36.841
 -302700.0   -37.489
 -302600.0   -38.138
 -302500.0   -38.787
 -302400.0   -39.435
 -302300.0   -40.084
 -302200.0   -40.733
 -302100.0   -41.381
 -302000.0   -42.030
 -301900.0   -42.797
 -301800.0   -43.565
 -301700.0   -44.332
 -301600.0   -45.099
 -301500.0   -45.867
 -301400.0   -46.634
 -301300.0   -47.401
 -301200.0   -48.169
 -301100.0   -48.936
 -301000.0   -49.703
 -300900.0   -50.471
 -300800.0   -51.238
 -300700.0   -52.005
 -300600.0   -52.773
 -300500.0   -53.540
 -300400.0   -54.038
 -300300.0   -54.536
 -300200.0   -55.034
 -300100.0   -55.532
 -300000.0   -56.030
 -299900.0   -56.528
 -299800.0   -57.026
 -299700.0   -57.524
 -299600.0   -58.022
 -299500.0   -58.520
 -299400.0   -59.018
 -299300.0   -59.516
 -299200.0   -60.014
 -299100.0   -60.512
 -299000.0   -61.010
 -298900.0   -60.920
 -298800.0   -60.830
 -298700.0   -60.740
 -298600.0   -60.650
 -298500.0   -60.560
 -298400.0   -60.470
 -298300.0   -60.380
 -298200.0   -60.290
 -298100.0   -60.200
 -298000.0   -60.110
 -297900.0   -60.020
 -297800.0   -59.930
 -297700.0   -59.840
 -297600.0   -59.750
 -297500.0   -59.660
 -297400.0   -59.386
 -297300.0   -59.112
 -297200.0   -58.838
 -297100.0   -58.564
 -297000.0   -58.290
 -296900.0   -58.016
 -296800.0   -57.742
 -296700.0   -57.468
 -296600.0   -57.194
 -296500.0   -56.920
 -296400.0   -56.646
 -296300.0   -56.372
 -296200.0   -56.098
 -296100.0   -55.824
 -296000.0   -55.550
 -295900.0   -55.155
 -295800.0   -54.759
 -295700.0   -54.364
 -295600.0   -53.969
 -295500.0   -53.573
 -295400.0   -53.178
 -295300.0   -52.783
 -295200.0   -52.387
 -295100.0   -51.992
 -295000.0   -51.597
 -294900.0   -51.201
 -294800.0   -50.806
 -294700.0   -50.411
 -294600.0   -50.015
 -294500.0   -49.620
 -294400.0   -49.442
 -294300.0   -49.264
 -294200.0   -49.086
 -294100.0   -48.908
 -294000.0   -48.730
 -293900.0   -48.552
 -293800.0   -48.374
 -293700.0   -48.196
 -293600.0   -48.018
 -293500.0   -47.840
 -293400.0   -47.662
 -293300.0   -47.484
 -293200.0   -47.306
 -293100.0   -47.128
 -293000.0   -46.950
 -292900.0   -46.555
 -292800.0   -46.159
 -292700.0   -45.764
 -292600.0   -45.369
 -292500.0   -44.973
 -292400.0   -44.578
 -292300.0   -44.183
 -292200.0   -43.787
 -292100.0   -43.392
 -292000.0   -42.997
 -291900.0   -42.601
 -291800.0   -42.206
 -291700.0   -41.811
 -291600.0   -41.415
 -291500.0   -41.020
 -291400.0   -40.093
 -291300.0   -39.167
 -291200.0   -38.240
 -291100.0   -37.313
 -291000.0   -36.387
 -290900.0   -35.460
 -290800.0   -34.533
 -290700.0   -33.607
 -290600.0   -32.680
 -290500.0   -31.753
 -290400.0   -30.827
 -290300.0   -29.900
 -290200.0   -28.973
 -290100.0   -28.047
 -290000.0   -27.120
 -289900.0   -26.437
 -289800.0   -25.755
 -289700.0   -25.072
 -289600.0   -24.389
 -289500.0   -23.707
 -289400.0   -23.024
 -289300.0   -22.341
 -289200.0   -21.659
 -289100.0   -20.976
 -289000.0   -20.293
 -288900.0   -19.611
 -288800.0   -18.928
 -288700.0   -18.245
 -288600.0   -17.563
 -288500.0   -16.880
 -288400.0   -16.846
 -288300.0   -16.812
 -288200.0   -16.778
 -288100.0   -16.744
 -288000.0   -16.710
 -287900.0   -16.676
 -287800.0   -16.642
 -287700.0   -16.608
 -287600.0   -16.574
 -287500.0   -16.540
 -287400.0   -16.506
 -287300.0   -16.472
 -287200.0   -16.438
 -287100.0   -16.404
 -287000.0   -16.370
 -286900.0   -16.453
 -286800.0   -16.535
 -286700.0   -16.618
 -286600.0   -16.701
 -286500.0   -16.783
 -286400.0   -16.866
 -286300.0   -16.949
 -286200.0   -17.031
 -286100.0   -17.114
 -286000.0   -17.197
 -285900.0   -17.279
 -285800.0   -17.362
 -285700.0   -17.445
 -285600.0   -17.527
 -285500.0   -17.610
 -285400.0   -17.637
 -285300.0   -17.663
 -285200.0   -17.690
 -285100.0   -17.717
 -285000.0   -17.743
 -284900.0   -17.770
 -284800.0   -17.797
 -284700.0   -17.823
 -284600.0   -17.850
 -284500.0   -17.877
 -284400.0   -17.903
 -284300.0   -17.930
 -284200.0   -17.957
 -284100.0   -17.983
 -284000.0   -18.010
 -283900.0   -18.659
 -283800.0   -19.307
 -283700.0   -19.956
 -283600.0   -20.605
 -283500.0   -21.253
 -283400.0   -21.902
 -283300.0   -22.551
 -283200.0   -23.199
 -283100.0   -23.848
 -283000.0   -24.497
 -282900.0   -25.145
 -282800.0   -25.794
 -282700.0   -26.443
 -282600.0   -27.091
 -282500.0   -27.740
 -282400.0   -28.742
 -282300.0   -29.744
 -282200.0   -30.746
 -282100.0   -31.748
 -282000.0   -32.750
 -281900.0   -33.752
 -281800.0   -34.754
 -281700.0   -35.756
 -281600.0   -36.758
 -281500.0   -37.760
 -281400.0   -38.762
 -281300.0   -39.764
 -281200.0   -40.766
 -281100.0   -41.768
 -281000.0   -42.770
 -280900.0   -43.772
 -280800.0   -44.774
 -280700.0   -45.776
 -280600.0   -46.778
 -280500.0   -47.780
 -280400.0   -48.782
 -280300.0   -49.784
 -280200.0   -50.786
 -280100.0   -51.788
 -280000.0   -52.790
 -279900.0   -53.792
 -279800.0   -54.794
 -279700.0   -55.796
 -279600.0   -56.798
 -279500.0   -57.800
 -279400.0   -58.641
 -279300.0   -59.483
 -279200.0   -60.324
 -279100.0   -61.165
 -279000.0   -62.007
 -278900.0   -62.848
 -278800.0   -63.689
 -278700.0   -64.531
 -278600.0   -65.372
 -278500.0   -66.213
 -278400.0   -67.055
 -278300.0   -67.896
 -278200.0   -68.737
 -278100.0   -69.579
 -278000.0   -70.420
 -277900.0   -70.530
 -277800.0   -70.640
 -277700.0   -70.750
 -277600.0   -70.860
 -277500.0   -70.970
 -277400.0   -71.080
 -277300.0   -71.190
 -277200.0   -71.300
 -277100.0   -71.410
 -277000.0   -71.520
 -276900.0   -71.630
 -276800.0   -71.740
 -276700.0   -71.850
 -276600.0   -71.960
 -276500.0   -72.070
 -276400.0   -71.721
 -276300.0   -71.373
 -276200.0   -71.024
 -276100.0   -70.675
 -276000.0   -70.327
 -275900.0   -69.978
 -275800.0   -69.629
 -275700.0   -69.281
 -275600.0   -68.932
 -275500.0   -68.583
 -275400.0   -68.235
 -275300.0   -67.886
 -275200.0   -67.537
 -275100.0   -67.189
 -275000.0   -66.840
 -274900.0   -66.961
 -274800.0   -67.081
 -274700.0   -67.202
 -274600.0   -67.323
 -274500.0   -67.443
 -274400.0   -67.564
 -274300.0   -67.685
 -274200.0   -67.805
 -274100.0   -67.926
 -274000.0   -68.047
 -273900.0   -68.167
 -273800.0   -68.288
 -273700.0   -68.409
 -273600.0   -68.529
 -273500.0   -68.650
 -273400.0   -69.603
 -273300.0   -70.557
 -273200.0   -71.510
 -273100.0   -72.463
 -273000.0   -73.417
 -272900.0   -74.370
 -272800.0   -75.323
 -272700.0   -76.277
 -272600.0   -77.230
 -272500.0   -78.183
 -272400.0   -79.137
 -272300.0   -80.090
 -272200.0   -81.043
 -272100.0   -81.997
 -272000.0   -82.950
 -271900.0   -83.666
 -271800.0   -84.382
 -271700.0   -85.098
 -271600.0   -85.814
 -271500.0   -86.530
 -271400.0   -87.246
 -271300.0   -87.962
 -271200.0   -88.678
 -271100.0   -89.394
 -271000.0   -90.110
 -270900.0   -90.826
 -270800.0   -91.542
 -270700.0   -92.258
 -270600.0   -92.974
 -270500.0   -93.690
 -270400.0   -93.726
 -270300.0   -93.762
 -270200.0   -93.798
 -270100.0   -93.834
 -270000.0   -93.870
 -269900.0   -93.906
 -269800.0   -93.942
 -269700.0   -93.978
 -269600.0   -94.014
 -269500.0   -94.050
 -269400.0   -94.086
 -269300.0   -94.122
 -269200.0   -94.158
 -269100.0   -94.194
 -269000.0   -94.230
 -268900.0   -93.984
 -268800.0   -93.738
 -268700.0   -93.492
 -268600.0   -93.246
 -268500.0   -93.000
 -268400.0   -92.754
 -268300.0   -92.508
 -268200.0   -92.262
 -268100.0   -92.016
 -268000.0   -91.770
 -267900.0   -91.524
 -267800.0   -91.278
 -267700.0   -91.032
 -267600.0   -90.786
 -267500.0   -90.540
 -267400.0   -90.553
 -267300.0   -90.567
 -267200.0   -90.580
 -267100.0   -90.593
 -267000.0   -90.607
 -266900.0   -90.620
 -266800.0   -90.633
 -266700.0   -90.647
 -266600.0   -90.660
 -266500.0   -90.673
 -266400.0   -90.687
 -266300.0   -90.700
 -266200.0   -90.713
 -266100.0   -90.727
 -266000.0   -90.740
 -265900.0   -90.831
 -265800.0   -90.923
 -265700.0   -91.014
 -265600.0   -91.105
 -265500.0   -91.197
 -265400.0   -91.288
 -265300.0   -91.379
 -265200.0   -91.471
 -265100.0   -91.562
 -265000.0   -91.653
 -264900.0   -91.745
 -264800.0   -91.836
 -264700.0   -91.927
 -264600.0   -92.019
 -264500.0   -92.110
 -264400.0   -92.011
 -264300.0   -91.911
 -264200.0   -91.812
 -264100.0   -91.713
 -264000.0   -91.613
 -263900.0   -91.514
 -263800.0   -91.415
 -263700.0   -91.315
 -263600.0   -91.216
 -263500.0   -91.117
 -263400.0   -91.017
 -263300.0   -90.918
 -263200.0   -90.819
 -263100.0   -90.719
 -263000.0   -90.620
 -262900.0   -90.336
 -262800.0   -90.052
 -262700.0   -89.768
 -262600.0   -89.484
 -262500.0   -89.200
 -262400.0   -88.916
 -262300.0   -88.632
 -262200.0   -88.348
 -262100.0   -88.064
 -262000.0   -87.780
 -261900.0   -87.496
 -261800.0   -87.212
 -261700.0   -86.928
 -261600.0   -86.644
 -261500.0   -86.360
 -261400.0   -86.217
 -261300.0   -86.075
 -261200.0   -85.932
 -261100.0   -85.789
 -261000.0   -85.647
 -260900.0   -85.504
 -260800.0   -85.361
 -260700.0   -85.219
 -260600.0   -85.076
 -260500.0   -84.933
 -260400.0   -84.791
 -260300.0   -84.648
 -260200.0   -84.505
 -260100.0   -84.363
 -260000.0   -84.220
 -259900.0   -84.398
 -259800.0   -84.576
 -259700.0   -84.754
 -259600.0   -84.932
 -259500.0   -85.110
 -259400.0   -85.288
 -259300.0   -85.466
 -259200.0   -85.644
 -259100.0   -85.822
 -259000.0   -86.000
 -258900.0   -86.178
 -258800.0   -86.356
 -258700.0   -86.534
 -258600.0   -86.712
 -258500.0   -86.890
 -258400.0   -87.187
 -258300.0   -87.483
 -258200.0   -87.780
 -258100.0   -88.077
 -258000.0   -88.373
 -257900.0   -88.670
 -257800.0   -88.967
 -257700.0   -89.263
 -257600.0   -89.560
 -257500.0   -89.857
 -257400.0   -90.153
 -257300.0   -90.450
 -257200.0   -90.747
 -257100.0   -91.043
 -257000.0   -91.340
 -256900.0   -91.149
 -256800.0   -90.959
 -256700.0   -90.768
 -256600.0   -90.577
 -256500.0   -90.387
 -256400.0   -90.196
 -256300.0   -90.005
 -256200.0   -89.815
 -256100.0   -89.624
 -256000.0   -89.433
 -255900.0   -89.243
 -255800.0   -89.052
 -255700.0   -88.861
 -255600.0   -88.671
 -255500.0   -88.480
 -255400.0   -88.567
 -255300.0   -88.655
 -255200.0   -88.742
 -255100.0   -88.829
 -255000.0   -88.917
 -254900.0   -89.004
 -254800.0   -89.091
 -254700.0   -89.179
 -254600.0   -89.266
 -254500.0   -89.353
 -254400.0   -89.441
 -254300.0   -89.528
 -254200.0   -89.615
 -254100.0   -89.703
 -254000.0   -89.790
 -253900.0   -90.231
 -253800.0   -90.673
 -253700.0   -91.114
 -253600.0   -91.555
 -253500.0   -91.997
 -253400.0   -92.438
 -253300.0   -92.879
 -253200.0   -93.321
 -253100.0   -93.762
 -253000.0   -94.203
 -252900.0   -94.645
 -252800.0   -95.086
 -252700.0   -95.527
 -252600.0   -95.969
 -252500.0   -96.410
 -252400.0   -96.983
 -252300.0   -97.557
 -252200.0   -98.130
 -252100.0   -98.703
 -252000.0   -99.277
 -251900.0   -99.850
 -251800.0  -100.423
 -251700.0  -100.997
 -251600.0  -101.570
 -251500.0  -102.143
 -251400.0  -102.717
 -251300.0  -103.290
 -251200.0  -103.863
 -251100.0  -104.437
 -251000.0  -105.010
 -250900.0  -105.217
 -250800.0  -105.423
 -250700.0  -105.630
 -250600.0  -105.837
 -250500.0  -106.043
 -250400.0  -106.250
 -250300.0  -106.457
 -250200.0  -106.663
 -250100.0  -106.870
 -250000.0  -107.077
 -249900.0  -107.283
 -249800.0  -107.490
 -249700.0  -107.697
 -249600.0  -107.903
 -249500.0  -108.110
 -249400.0  -107.975
 -249300.0  -107.841
 -249200.0  -107.706
 -249100.0  -107.571
 -249000.0  -107.437
 -248900.0  -107.302
 -248800.0  -107.167
 -248700.0  -107.033
 -248600.0  -106.898
 -248500.0  -106.763
 -248400.0  -106.629
 -248300.0  -106.494
 -248200.0  -106.359
 -248100.0  -106.225
 -248000.0  -106.090
 -247900.0  -105.595
 -247800.0  -105.099
 -247700.0  -104.604
 -247600.0  -104.109
 -247500.0  -103.613
 -247400.0  -103.118
 -247300.0  -102.623
 -247200.0  -102.127
 -247100.0  -101.632
 -247000.0  -101.137
 -246900.0  -100.641
 -246800.0  -100.146
 -246700.0   -99.651
 -246600.0   -99.155
 -246500.0   -98.660
 -246400.0   -97.605
 -246300.0   -96.549
 -246200.0   -95.494
 -246100.0   -94.439
 -246000.0   -93.383
 -245900.0   -92.328
 -245800.0   -91.273
 -245700.0   -90.217
 -245600.0   -89.162
 -245500.0   -88.107
 -245400.0   -87.051
 -245300.0   -85.996
 -245200.0   -84.941
 -245100.0   -83.885
 -245000.0   -82.830
 -244900.0   -81.439
 -244800.0   -80.049
 -244700.0   -78.658
 -244600.0   -77.267
 -244500.0   -75.877
 -244400.0   -74.486
 -244300.0   -73.095
 -244200.0   -71.705
 -244100.0   -70.314
 -244000.0   -68.923
 -243900.0   -67.533
 -243800.0   -66.142
 -243700.0   -64.751
 -243600.0   -63.361
 -243500.0   -61.970
 -243400.0   -61.023
 -243300.0   -60.075
 -243200.0   -59.128
 -243100.0   -58.181
 -243000.0   -57.233
 -242900.0   -56.286
 -242800.0   -55.339
 -242700.0   -54.391
 -242600.0   -53.444
 -242500.0   -52.497
 -242400.0   -51.549
 -242300.0   -50.602
 -242200.0   -49.655
 -242100.0   -48.707
 -242000.0   -47.760
 -241900.0   -46.822
 -241800.0   -45.884
 -241700.0   -44.946
 -241600.0   -44.008
 -241500.0   -43.070
 -241400.0   -42.132
 -241300.0   -41.194
 -241200.0   -40.256
 -241100.0   -39.318
 -241000.0   -38.380
 -240900.0   -37.442
 -240800.0   -36.504
 -240700.0   -35.566
 -240600.0   -34.628
 -240500.0   -33.690
 -240400.0   -33.136
 -240300.0   -32.582
 -240200.0   -32.028
 -240100.0   -31.474
 -240000.0   -30.920
 -239900.0   -30.366
 -239800.0   -29.812
 -239700.0   -29.258
 -239600.0   -28.704
 -239500.0   -28.150
 -239400.0   -27.596
 -239300.0   -27.042
 -239200.0   -26.488
 -239100.0   -25.934
 -239000.0   -25.380
 -238900.0   -25.165
 -238800.0   -24.951
 -238700.0   -24.736
 -238600.0   -24.521
 -238500.0   -24.307
 -238400.0   -24.092
 -238300.0   -23.877
 -238200.0   -23.663
 -238100.0   -23.448
 -238000.0   -23.233
 -237900.0   -23.019
 -237800.0   -22.804
 -237700.0   -22.589
 -237600.0   -22.375
 -237500.0   -22.160
 -237400.0   -21.308
 -237300.0   -20.456
 -237200.0   -19.604
 -237100.0   -18.752
 -237000.0   -17.900
 -236900.0   -17.048
 -236800.0   -16.196
 -236700.0   -15.344
 -236600.0   -14.492
 -236500.0   -13.640
 -236400.0   -12.788
 -236300.0   -11.936
 -236200.0   -11.084
 -236100.0   -10.232
 -236000.0    -9.380
 -235900.0    -9.535
 -235800.0    -9.689
 -235700.0    -9.844
 -235600.0    -9.999
 -235500.0   -10.153
 -235400.0   -10.308
 -235300.0   -10.463
 -235200.0   -10.617
 -235100.0   -10.772
 -235000.0   -10.927
 -234900.0   -11.081
 -234800.0   -11.236
 -234700.0   -11.391
 -234600.0   -11.545
 -234500.0   -11.700
 -234400.0   -12.703
 -234300.0   -13.705
 -234200.0   -14.708
 -234100.0   -15.711
 -234000.0   -16.713
 -233900.0   -17.716
 -233800.0   -18.719
 -233700.0   -19.721
 -233600.0   -20.724
 -233500.0   -21.727
 -233400.0   -22.729
 -233300.0   -23.732
 -233200.0   -24.735
 -233100.0   -25.737
 -233000.0   -26.740
 -232900.0   -28.441
 -232800.0   -30.143
 -232700.0   -31.844
 -232600.0   -33.545
 -232500.0   -35.247
 -232400.0   -36.948
 -232300.0   -38.649
 -232200.0   -40.351
 -232100.0   -42.052
 -232000.0   -43.753
 -231900.0   -45.455
 -231800.0   -47.156
 -231700.0   -48.857
 -231600.0   -50.559
 -231500.0   -52.260
 -231400.0   -52.937
 -231300.0   -53.615
 -231200.0   -54.292
 -231100.0   -54.969
 -231000.0   -55.647
 -230900.0   -56.324
 -230800.0   -57.001
 -230700.0   -57.679
 -230600.0   -58.356
 -230500.0   -59.033
 -230400.0   -59.711
 -230300.0   -60.388
 -230200.0   -61.065
 -230100.0   -61.743
 -230000.0   -62.420
 -229900.0   -62.765
 -229800.0   -63.109
 -229700.0   -63.454
 -229600.0   -63.799
 -229500.0   -64.143
 -229400.0   -64.488
 -229300.0   -64.833
 -229200.0   -65.177
 -229100.0   -65.522
 -229000.0   -65.867
 -228900.0   -66.211
 -228800.0   -66.556
 -228700.0   -66.901
 -228600.0   -67.245
 -228500.0   -67.590
 -228400.0   -68.471
 -228300.0   -69.351
 -228200.0   -70.232
 -228100.0   -71.113
 -228000.0   -71.993
 -227900.0   -72.874
 -227800.0   -73.755
 -227700.0   -74.635
 -227600.0   -75.516
 -227500.0   -76.397
 -227400.0   -77.277
 -227300.0   -78.158
 -227200.0   -79.039
 -227100.0   -79.919
 -227000.0   -80.800
 -226900.0   -80.957
 -226800.0   -81.113
 -226700.0   -81.270
 -226600.0   -81.427
 -226500.0   -81.583
 -226400.0   -81.740
 -226300.0   -81.897
 -226200.0   -82.053
 -226100.0   -82.210
 -226000.0   -82.367
 -225900.0   -82.523
 -225800.0   -82.680
 -225700.0   -82.837
 -225600.0   -82.993
 -225500.0   -83.150
 -225400.0   -81.205
 -225300.0   -79.261
 -225200.0   -77.316
 -225100.0   -75.371
 -225000.0   -73.427
 -224900.0   -71.482
 -224800.0   -69.537
 -224700.0   -67.593
 -224600.0   -65.648
 -224500.0   -63.703
 -224400.0   -61.759
 -224300.0   -59.814
 -224200.0   -57.869
 -224100.0   -55.925
 -224000.0   -53.980
 -223900.0   -52.013
 -223800.0   -50.045
 -223700.0   -48.078
 -223600.0   -46.111
 -223500.0   -44.143
 -223400.0   -42.176
 -223300.0   -40.209
 -223200.0   -38.241
 -223100.0   -36.274
 -223000.0   -34.307
 -222900.0   -32.339
 -222800.0   -30.372
 -222700.0   -28.405
 -222600.0   -26.437
 -222500.0   -24.470
 -222400.0   -23.917
 -222300.0   -23.363
 -222200.0   -22.810
 -222100.0   -22.257
 -222000.0   -21.703
 -221900.0   -21.150
 -221800.0   -20.597
 -221700.0   -20.043
 -221600.0   -19.490
 -221500.0   -18.937
 -221400.0   -18.383
 -221300.0   -17.830
 -221200.0   -17.277
 -221100.0   -16.723
 -221000.0   -16.170
 -220900.0   -15.867
 -220800.0   -15.563
 -220700.0   -15.260
 -220600.0   -14.957
 -220500.0   -14.653
 -220400.0   -14.350
 -220300.0   -14.047
 -220200.0   -13.743
 -220100.0   -13.440
 -220000.0   -13.137
 -219900.0   -12.833
 -219800.0   -12.530
 -219700.0   -12.227
 -219600.0   -11.923
 -219500.0   -11.620
 -219400.0   -11.249
 -219300.0   -10.879
 -219200.0   -10.508
 -219100.0   -10.137
 -219000.0    -9.767
 -218900.0    -9.396
 -218800.0    -9.025
 -218700.0    -8.655
 -218600.0    -8.284
 -218500.0    -7.913
 -218400.0    -7.543
 -218300.0    -7.172
 -218200.0    -6.801
 -218100.0    -6.431
 -218000.0    -6.060
 -217900.0    -5.893
 -217800.0    -5.725
 -217700.0    -5.558
 -217600.0    -5.391
 -217500.0    -5.223
 -217400.0    -5.056
 -217300.0    -4.889
 -217200.0    -4.721
 -217100.0    -4.554
 -217000.0    -4.387
 -216900.0    -4.219
 -216800.0    -4.052
 -216700.0    -3.885
 -216600.0    -3.717
 -216500.0    -3.550
 -216400.0    -3.549
 -216300.0    -3.549
 -216200.0    -3.548
 -216100.0    -3.547
 -216000.0    -3.547
 -215900.0    -3.546
 -215800.0    -3.545
 -215700.0    -3.545
 -215600.0    -3.544
 -215500.0    -3.543
 -215400.0    -3.543
 -215300.0    -3.542
 -215200.0    -3.541
 -215100.0    -3.541
 -215000.0    -3.540
 -214900.0    -3.567
 -214800.0    -3.595
 -214700.0    -3.622
 -214600.0    -3.649
 -214500.0    -3.677
 -214400.0    -3.704
 -214300.0    -3.731
 -214200.0    -3.759
 -214100.0    -3.786
 -214000.0    -3.813
 -213900.0    -3.841
 -213800.0    -3.868
 -213700.0    -3.895
 -213600.0    -3.923
 -213500.0    -3.950
 -213400.0    -4.056
 -213300.0    -4.162
 -213200.0    -4.268
 -213100.0    -4.374
 -213000.0    -4.480
 -212900.0    -4.586
 -212800.0    -4.692
 -212700.0    -4.798
 -212600.0    -4.904
 -212500.0    -5.010
 -212400.0    -5.116
 -212300.0    -5.222
 -212200.0    -5.328
 -212100.0    -5.434
 -212000.0    -5.540
 -211900.0    -5.724
 -211800.0    -5.908
 -211700.0    -6.092
 -211600.0    -6.276
 -211500.0    -6.460
 -211400.0    -6.644
 -211300.0    -6.828
 -211200.0    -7.012
 -211100.0    -7.196
 -211000.0    -7.380
 -210900.0    -7.564
 -210800.0    -7.748
 -210700.0    -7.932
 -210600.0    -8.116
 -210500.0    -8.300
 -210400.0    -8.382
 -210300.0    -8.464
 -210200.0    -8.546
 -210100.0    -8.628
 -210000.0    -8.710
 -209900.0    -8.792
 -209800.0    -8.874
 -209700.0    -8.956
 -209600.0    -9.038
 -209500.0    -9.120
 -209400.0    -9.202
 -209300.0    -9.284
 -209200.0    -9.366
 -209100.0    -9.448
 -209000.0    -9.530
 -208900.0    -9.613
 -208800.0    -9.697
 -208700.0    -9.780
 -208600.0    -9.863
 -208500.0    -9.947
 -208400.0   -10.030
 -208300.0   -10.113
 -208200.0   -10.197
 -208100.0   -10.280
 -208000.0   -10.363
 -207900.0   -10.447
 -207800.0   -10.530
 -207700.0   -10.613
 -207600.0   -10.697
 -207500.0   -10.780
 -207400.0   -10.918
 -207300.0   -11.056
 -207200.0   -11.194
 -207100.0   -11.332
 -207000.0   -11.470
 -206900.0   -11.608
 -206800.0   -11.746
 -206700.0   -11.884
 -206600.0   -12.022
 -206500.0   -12.160
 -206400.0   -12.298
 -206300.0   -12.436
 -206200.0   -12.574
 -206100.0   -12.712
 -206000.0   -12.850
 -205900.0   -12.997
 -205800.0   -13.143
 -205700.0   -13.290
 -205600.0   -13.437
 -205500.0   -13.583
 -205400.0   -13.730
 -205300.0   -13.877
 -205200.0   -14.023
 -205100.0   -14.170
 -205000.0   -14.317
 -204900.0   -14.463
 -204800.0   -14.610
 -204700.0   -14.757
 -204600.0   -14.903
 -204500.0   -15.050
 -204400.0   -15.217
 -204300.0   -15.383
 -204200.0   -15.550
 -204100.0   -15.717
 -204000.0   -15.883
 -203900.0   -16.050
 -203800.0   -16.217
 -203700.0   -16.383
 -203600.0   -16.550
 -203500.0   -16.717
 -203400.0   -16.883
 -203300.0   -17.050
 -203200.0   -17.217
 -203100.0   -17.383
 -203000.0   -17.550
 -202900.0   -18.091
 -202800.0   -18.631
 -202700.0   -19.172
 -202600.0   -19.713
 -202500.0   -20.253
 -202400.0   -20.794
 -202300.0   -21.335
 -202200.0   -21.875
 -202100.0   -22.416
 -202000.0   -22.957
 -201900.0   -23.497
 -201800.0   -24.038
 -201700.0   -24.579
 -201600.0   -25.119
 -201500.0   -25.660
 -201400.0   -25.699
 -201300.0   -25.737
 -201200.0   -25.776
 -201100.0   -25.815
 -201000.0   -25.853
 -200900.0   -25.892
 -200800.0   -25.931
 -200700.0   -25.969
 -200600.0   -26.008
 -200500.0   -26.047
 -200400.0   -26.085
 -200300.0   -26.124
 -200200.0   -26.163
 -200100.0   -26.201
 -200000.0   -26.240
 -199900.0   -25.564
 -199800.0   -24.888
 -199700.0   -24.212
 -199600.0   -23.536
 -199500.0   -22.860
 -199400.0   -22.184
 -199300.0   -21.508
 -199200.0   -20.832
 -199100.0   -20.156
 -199000.0   -19.480
 -198900.0   -18.804
 -198800.0   -18.128
 -198700.0   -17.452
 -198600.0   -16.776
 -198500.0   -16.100
 -198400.0   -15.672
 -198300.0   -15.244
 -198200.0   -14.816
 -198100.0   -14.388
 -198000.0   -13.960
 -197900.0   -13.532
 -197800.0   -13.104
 -197700.0   -12.676
 -197600.0   -12.248
 -197500.0   -11.820
 -197400.0   -11.392
 -197300.0   -10.964
 -197200.0   -10.536
 -197100.0   -10.108
 -197000.0    -9.680
 -196900.0    -9.926
 -196800.0   -10.172
 -196700.0   -10.418
 -196600.0   -10.664
 -196500.0   -10.910
 -196400.0   -11.156
 -196300.0   -11.402
 -196200.0   -11.648
 -196100.0   -11.894
 -196000.0   -12.140
 -195900.0   -12.386
 -195800.0   -12.632
 -195700.0   -12.878
 -195600.0   -13.124
 -195500.0   -13.370
 -195400.0   -13.785
 -195300.0   -14.199
 -195200.0   -14.614
 -195100.0   -15.029
 -195000.0   -15.443
 -194900.0   -15.858
 -194800.0   -16.273
 -194700.0   -16.687
 -194600.0   -17.102
 -194500.0   -17.517
 -194400.0   -17.931
 -194300.0   -18.346
 -194200.0   -18.761
 -194100.0   -19.175
 -194000.0   -19.590
 -193900.0   -19.839
 -193800.0   -20.089
 -193700.0   -20.338
 -193600.0   -20.587
 -193500.0   -20.837
 -193400.0   -21.086
 -193300.0   -21.335
 -193200.0   -21.585
 -193100.0   -21.834
 -193000.0   -22.083
 -192900.0   -22.333
 -192800.0   -22.582
 -192700.0   -22.831
 -192600.0   -23.081
 -192500.0   -23.330
 -192400.0   -23.985
 -192300.0   -24.639
 -192200.0   -25.294
 -192100.0   -25.949
 -192000.0   -26.603
 -191900.0   -27.258
 -191800.0   -27.913
 -191700.0   -28.567
 -191600.0   -29.222
 -191500.0   -29.877
 -191400.0   -30.531
 -191300.0   -31.186
 -191200.0   -31.841
 -191100.0   -32.495
 -191000.0   -33.150
 -190900.0   -34.106
 -190800.0   -35.062
 -190700.0   -36.018
 -190600.0   -36.974
 -190500.0   -37.930
 -190400.0   -38.886
 -190300.0   -39.842
 -190200.0   -40.798
 -190100.0   -41.754
 -190000.0   -42.710
 -189900.0   -43.666
 -189800.0   -44.622
 -189700.0   -45.578
 -189600.0   -46.534
 -189500.0   -47.490
 -189400.0   -48.529
 -189300.0   -49.567
 -189200.0   -50.606
 -189100.0   -51.645
 -189000.0   -52.683
 -188900.0   -53.722
 -188800.0   -54.761
 -188700.0   -55.799
 -188600.0   -56.838
 -188500.0   -57.877
 -188400.0   -58.915
 -188300.0   -59.954
 -188200.0   -60.993
 -188100.0   -62.031
 -188000.0   -63.070
 -187900.0   -63.755
 -187800.0   -64.441
 -187700.0   -65.126
 -187600.0   -65.811
 -187500.0   -66.497
 -187400.0   -67.182
 -187300.0   -67.867
 -187200.0   -68.553
 -187100.0   -69.238
 -187000.0   -69.923
 -186900.0   -70.609
 -186800.0   -71.294
 -186700.0   -71.979
 -186600.0   -72.665
 -186500.0   -73.350
 -186400.0   -73.815
 -186300.0   -74.281
 -186200.0   -74.746
 -186100.0   -75.211
 -186000.0   -75.677
 -185900.0   -76.142
 -185800.0   -76.607
 -185700.0   -77.073
 -185600.0   -77.538
 -185500.0   -78.003
 -185400.0   -78.469
 -185300.0   -78.934
 -185200.0   -79.399
 -185100.0   -79.865
 -185000.0   -80.330
 -184900.0   -80.718
 -184800.0   -81.106
 -184700.0   -81.494
 -184600.0   -81.882
 -184500.0   -82.270
 -184400.0   -82.658
 -184300.0   -83.046
 -184200.0   -83.434
 -184100.0   -83.822
 -184000.0   -84.210
 -183900.0   -84.598
 -183800.0   -84.986
 -183700.0   -85.374
 -183600.0   -85.762
 -183500.0   -86.150
 -183400.0   -86.079
 -183300.0   -86.009
 -183200.0   -85.938
 -183100.0   -85.867
 -183000.0   -85.797
 -182900.0   -85.726
 -182800.0   -85.655
 -182700.0   -85.585
 -182600.0   -85.514
 -182500.0   -85.443
 -182400.0   -85.373
 -182300.0   -85.302
 -182200.0   -85.231
 -182100.0   -85.161
 -182000.0   -85.090
 -181900.0   -84.935
 -181800.0   -84.781
 -181700.0   -84.626
 -181600.0   -84.471
 -181500.0   -84.317
 -181400.0   -84.162
 -181300.0   -84.007
 -181200.0   -83.853
 -181100.0   -83.698
 -181000.0   -83.543
 -180900.0   -83.389
 -180800.0   -83.234
 -180700.0   -83.079
 -180600.0   -82.925
 -180500.0   -82.770
 -180400.0   -82.256
 -180300.0   -81.742
 -180200.0   -81.228
 -180100.0   -80.714
 -180000.0   -80.200
 -179900.0   -79.686
 -179800.0   -79.172
 -179700.0   -78.658
 -179600.0   -78.144
 -179500.0   -77.630
 -179400.0   -77.116
 -179300.0   -76.602
 -179200.0   -76.088
 -179100.0   -75.574
 -179000.0   -75.060
 -178900.0   -74.539
 -178800.0   -74.017
 -178700.0   -73.496
 -178600.0   -72.975
 -178500.0   -72.453
 -178400.0   -71.932
 -178300.0   -71.411
 -178200.0   -70.889
 -178100.0   -70.368
 -178000.0   -69.847
 -177900.0   -69.325
 -177800.0   -68.804
 -177700.0   -68.283
 -177600.0   -67.761
 -177500.0   -67.240
 -177400.0   -67.285
 -177300.0   -67.329
 -177200.0   -67.374
 -177100.0   -67.419
 -177000.0   -67.463
 -176900.0   -67.508
 -176800.0   -67.553
 -176700.0   -67.597
 -176600.0   -67.642
 -176500.0   -67.687
 -176400.0   -67.731
 -176300.0   -67.776
 -176200.0   -67.821
 -176100.0   -67.865
 -176000.0   -67.910
 -175900.0   -68.229
 -175800.0   -68.549
 -175700.0   -68.868
 -175600.0   -69.187
 -175500.0   -69.507
 -175400.0   -69.826
 -175300.0   -70.145
 -175200.0   -70.465
 -175100.0   -70.784
 -175000.0   -71.103
 -174900.0   -71.423
 -174800.0   -71.742
 -174700.0   -72.061
 -174600.0   -72.381
 -174500.0   -72.700
 -174400.0   -73.035
 -174300.0   -73.369
 -174200.0   -73.704
 -174100.0   -74.039
 -174000.0   -74.373
 -173900.0   -74.708
 -173800.0   -75.043
 -173700.0   -75.377
 -173600.0   -75.712
 -173500.0   -76.047
 -173400.0   -76.381
 -173300.0   -76.716
 -173200.0   -77.051
 -173100.0   -77.385
 -173000.0   -77.720
 -172900.0   -77.639
 -172800.0   -77.559
 -172700.0   -77.478
 -172600.0   -77.397
 -172500.0   -77.317
 -172400.0   -77.236
 -172300.0   -77.155
 -172200.0   -77.075
 -172100.0   -76.994
 -172000.0   -76.913
 -171900.0   -76.833
 -171800.0   -76.752
 -171700.0   -76.671
 -171600.0   -76.591
 -171500.0   -76.510
 -171400.0   -75.813
 -171300.0   -75.117
 -171200.0   -74.420
 -171100.0   -73.723
 -171000.0   -73.027
 -170900.0   -72.330
 -170800.0   -71.633
 -170700.0   -70.937
 -170600.0   -70.240
 -170500.0   -69.543
 -170400.0   -68.847
 -170300.0   -68.150
 -170200.0   -67.453
 -170100.0   -66.757
 -170000.0   -66.060
 -169900.0   -65.485
 -169800.0   -64.911
 -169700.0   -64.336
 -169600.0   -63.761
 -169500.0   -63.187
 -169400.0   -62.612
 -169300.0   -62.037
 -169200.0   -61.463
 -169100.0   -60.888
 -169000.0   -60.313
 -168900.0   -59.739
 -168800.0   -59.164
 -168700.0   -58.589
 -168600.0   -58.015
 -168500.0   -57.440
 -168400.0   -56.913
 -168300.0   -56.385
 -168200.0   -55.858
 -168100.0   -55.331
 -168000.0   -54.803
 -167900.0   -54.276
 -167800.0   -53.749
 -167700.0   -53.221
 -167600.0   -52.694
 -167500.0   -52.167
 -167400.0   -51.639
 -167300.0   -51.112
 -167200.0   -50.585
 -167100.0   -50.057
 -167000.0   -49.530
 -166900.0   -49.655
 -166800.0   -49.781
 -166700.0   -49.906
 -166600.0   -50.031
 -166500.0   -50.157
 -166400.0   -50.282
 -166300.0   -50.407
 -166200.0   -50.533
 -166100.0   -50.658
 -166000.0   -50.783
 -165900.0   -50.909
 -165800.0   -51.034
 -165700.0   -51.159
 -165600.0   -51.285
 -165500.0   -51.410
 -165400.0   -52.253
 -165300.0   -53.097
 -165200.0   -53.940
 -165100.0   -54.783
 -165000.0   -55.627
 -164900.0   -56.470
 -164800.0   -57.313
 -164700.0   -58.157
 -164600.0   -59.000
 -164500.0   -59.843
 -164400.0   -60.687
 -164300.0   -61.530
 -164200.0   -62.373
 -164100.0   -63.217
 -164000.0   -64.060
 -163900.0   -65.028
 -163800.0   -65.996
 -163700.0   -66.964
 -163600.0   -67.932
 -163500.0   -68.900
 -163400.0   -69.868
 -163300.0   -70.836
 -163200.0   -71.804
 -163100.0   -72.772
 -163000.0   -73.740
 -162900.0   -74.708
 -162800.0   -75.676
 -162700.0   -76.644
 -162600.0   -77.612
 -162500.0   -78.580
 -162400.0   -78.613
 -162300.0   -78.647
 -162200.0   -78.680
 -162100.0   -78.713
 -162000.0   -78.747
 -161900.0   -78.780
 -161800.0   -78.813
 -161700.0   -78.847
 -161600.0   -78.880
 -161500.0   -78.913
 -161400.0   -78.947
 -161300.0   -78.980
 -161200.0   -79.013
 -161100.0   -79.047
 -161000.0   -79.080
 -160900.0   -79.765
 -160800.0   -80.449
 -160700.0   -81.134
 -160600.0   -81.819
 -160500.0   -82.503
 -160400.0   -83.188
 -160300.0   -83.873
 -160200.0   -84.557
 -160100.0   -85.242
 -160000.0   -85.927
 -159900.0   -86.611
 -159800.0   -87.296
 -159700.0   -87.981
 -159600.0   -88.665
 -159500.0   -89.350
 -159400.0   -89.090
 -159300.0   -88.830
 -159200.0   -88.570
 -159100.0   -88.310
 -159000.0   -88.050
 -158900.0   -87.790
 -158800.0   -87.530
 -158700.0   -87.270
 -158600.0   -87.010
 -158500.0   -86.750
 -158400.0   -86.490
 -158300.0   -86.230
 -158200.0   -85.970
 -158100.0   -85.710
 -158000.0   -85.450
 -157900.0   -84.883
 -157800.0   -84.315
 -157700.0   -83.748
 -157600.0   -83.181
 -157500.0   -82.613
 -157400.0   -82.046
 -157300.0   -81.479
 -157200.0   -80.911
 -157100.0   -80.344
 -157000.0   -79.777
 -156900.0   -79.209
 -156800.0   -78.642
 -156700.0   -78.075
 -156600.0   -77.507
 -156500.0   -76.940
 -156400.0   -78.186
 -156300.0   -79.432
 -156200.0   -80.678
 -156100.0   -81.924
 -156000.0   -83.170
 -155900.0   -84.416
 -155800.0   -85.662
 -155700.0   -86.908
 -155600.0   -88.154
 -155500.0   -89.400
 -155400.0   -90.646
 -155300.0   -91.892
 -155200.0   -93.138
 -155100.0   -94.384
 -155000.0   -95.630
 -154900.0   -96.720
 -154800.0   -97.810
 -154700.0   -98.900
 -154600.0   -99.990
 -154500.0  -101.080
 -154400.0  -102.170
 -154300.0  -103.260
 -154200.0  -104.350
 -154100.0  -105.440
 -154000.0  -106.530
 -153900.0  -107.620
 -153800.0  -108.710
 -153700.0  -109.800
 -153600.0  -110.890
 -153500.0  -111.980
 -153400.0  -112.444
 -153300.0  -112.908
 -153200.0  -113.372
 -153100.0  -113.836
 -153000.0  -114.300
 -152900.0  -114.764
 -152800.0  -115.228
 -152700.0  -115.692
 -152600.0  -116.156
 -152500.0  -116.620
 -152400.0  -117.084
 -152300.0  -117.548
 -152200.0  -118.012
 -152100.0  -118.476
 -152000.0  -118.940
 -151900.0  -119.010
 -151800.0  -119.080
 -151700.0  -119.150
 -151600.0  -119.220
 -151500.0  -119.290
 -151400.0  -119.360
 -151300.0  -119.430
 -151200.0  -119.500
 -151100.0  -119.570
 -151000.0  -119.640
 -150900.0  -119.710
 -150800.0  -119.780
 -150700.0  -119.850
 -150600.0  -119.920
 -150500.0  -119.990
 -150400.0  -119.910
 -150300.0  -119.830
 -150200.0  -119.750
 -150100.0  -119.670
 -150000.0  -119.590
 -149900.0  -119.510
 -149800.0  -119.430
 -149700.0  -119.350
 -149600.0  -119.270
 -149500.0  -119.190
 -149400.0  -119.110
 -149300.0  -119.030
 -149200.0  -118.950
 -149100.0  -118.870
 -149000.0  -118.790
 -148900.0  -118.423
 -148800.0  -118.055
 -148700.0  -117.688
 -148600.0  -117.321
 -148500.0  -116.953
 -148400.0  -116.586
 -148300.0  -116.219
 -148200.0  -115.851
 -148100.0  -115.484
 -148000.0  -115.117
 -147900.0  -114.749
 -147800.0  -114.382
 -147700.0  -114.015
 -147600.0  -113.647
 -147500.0  -113.280
 -147400.0  -112.729
 -147300.0  -112.179
 -147200.0  -111.628
 -147100.0  -111.077
 -147000.0  -110.527
 -146900.0  -109.976
 -146800.0  -109.425
 -146700.0  -108.875
 -146600.0  -108.324
 -146500.0  -107.773
 -146400.0  -107.223
 -146300.0  -106.672
 -146200.0  -106.121
 -146100.0  -105.571
 -146000.0  -105.020
 -145900.0  -104.941
 -145800.0  -104.863
 -145700.0  -104.784
 -145600.0  -104.705
 -145500.0  -104.627
 -145400.0  -104.548
 -145300.0  -104.469
 -145200.0  -104.391
 -145100.0  -104.312
 -145000.0  -104.233
 -144900.0  -104.155
 -144800.0  -104.076
 -144700.0  -103.997
 -144600.0  -103.919
 -144500.0  -103.840
 -144400.0  -103.950
 -144300.0  -104.060
 -144200.0  -104.171
 -144100.0  -104.281
 -144000.0  -104.391
 -143900.0  -104.501
 -143800.0  -104.611
 -143700.0  -104.721
 -143600.0  -104.832
 -143500.0  -104.942
 -143400.0  -105.117
 -143300.0  -105.451
 -143200.0  -105.785
 -143100.0  -106.119
 -143000.0  -106.453
 -142900.0  -106.787
 -142800.0  -107.121
 -142700.0  -107.455
 -142600.0  -107.788
 -142500.0  -108.122
 -142400.0  -108.456
 -142300.0  -108.850
 -142200.0  -109.288
 -142100.0  -109.725
 -142000.0  -110.163
 -141900.0  -110.601
 -141800.0  -111.039
 -141700.0  -111.477
 -141600.0  -111.915
 -141500.0  -112.353
 -141400.0  -112.791
 -141300.0  -113.229
 -141200.0  -113.609
 -141100.0  -113.981
 -141000.0  -114.352
 -140900.0  -114.723
 -140800.0  -115.094
 -140700.0  -115.466
 -140600.0  -115.837
 -140500.0  -116.208
 -140400.0  -116.579
 -140300.0  -116.951
 -140200.0  -117.324
 -140100.0  -117.711
 -140000.0  -118.097
 -139900.0  -118.484
 -139800.0  -118.870
 -139700.0  -119.257
 -139600.0  -119.643
 -139500.0  -120.030
 -139400.0  -120.417
 -139300.0  -120.803
 -139200.0  -121.190
 -139100.0  -121.636
 -139000.0  -122.162
 -138900.0  -122.688
 -138800.0  -123.215
 -138700.0  -123.741
 -138600.0  -124.267
 -138500.0  -124.793
 -138400.0  -125.319
 -138300.0  -125.845
 -138200.0  -126.371
 -138100.0  -126.897
 -138000.0  -127.175
 -137900.0  -127.352
 -137800.0  -127.528
 -137700.0  -127.705
 -137600.0  -127.881
 -137500.0  -128.058
 -137400.0  -128.234
 -137300.0  -128.411
 -137200.0  -128.587
 -137100.0  -128.764
 -137000.0  -128.940
 -136900.0  -128.623
 -136800.0  -128.305
 -136700.0  -127.988
 -136600.0  -127.670
 -136500.0  -127.353
 -136400.0  -127.035
 -136300.0  -126.718
 -136200.0  -126.400
 -136100.0  -126.083
 -136000.0  -125.765
 -135900.0  -125.159
 -135800.0  -123.846
 -135700.0  -122.532
 -135600.0  -121.219
 -135500.0  -119.905
 -135400.0  -118.592
 -135300.0  -117.279
 -135200.0  -115.965
 -135100.0  -114.652
 -135000.0  -113.338
 -134900.0  -112.025
 -134800.0  -110.032
 -134700.0  -107.525
 -134600.0  -105.019
 -134500.0  -102.513
 -134400.0  -100.007
 -134300.0   -97.501
 -134200.0   -94.995
 -134100.0   -92.489
 -134000.0   -89.983
 -133900.0   -87.477
 -133800.0   -84.971
 -133700.0   -83.321
 -133600.0   -81.811
 -133500.0   -80.301
 -133400.0   -78.790
 -133300.0   -77.280
 -133200.0   -75.770
 -133100.0   -74.260
 -133000.0   -72.749
 -132900.0   -71.239
 -132800.0   -69.729
 -132700.0   -68.072
 -132600.0   -65.514
 -132500.0   -62.955
 -132400.0   -60.397
 -132300.0   -57.839
 -132200.0   -55.280
 -132100.0   -52.722
 -132000.0   -50.164
 -131900.0   -47.605
 -131800.0   -45.047
 -131700.0   -42.489
 -131600.0   -39.930
 -131500.0   -37.372
 -131400.0   -34.814
 -131300.0   -32.255
 -131200.0   -29.697
 -131100.0   -28.374
 -131000.0   -27.220
 -130900.0   -26.066
 -130800.0   -24.912
 -130700.0   -23.757
 -130600.0   -22.603
 -130500.0   -21.449
 -130400.0   -20.295
 -130300.0   -19.140
 -130200.0   -17.986
 -130100.0   -16.832
 -130000.0   -15.678
 -129900.0   -14.524
 -129800.0   -13.369
 -129700.0   -12.215
 -129600.0   -11.061
 -129500.0    -9.907
 -129400.0    -8.752
 -129300.0    -7.598
 -129200.0    -6.444
 -129100.0    -5.290
 -129000.0    -4.136
 -128900.0    -2.981
 -128800.0    -1.827
 -128700.0    -1.124
 -128600.0    -0.871
 -128500.0    -0.618
 -128400.0    -0.365
 -128300.0    -0.113
 -128200.0     0.140
 -128100.0     0.393
 -128000.0     0.646
 -127900.0     0.899
 -127800.0     1.151
 -127700.0     1.404
 -127600.0     1.657
 -127500.0     1.910
 -127400.0     2.162
 -127300.0     2.415
 -127200.0     2.668
 -127100.0     2.921
 -127000.0     3.173
 -126900.0     3.426
 -126800.0     3.679
 -126700.0     3.932
 -126600.0     4.185
 -126500.0     4.437
 -126400.0     4.690
 -126300.0     4.917
 -126200.0     4.974
 -126100.0     5.031
 -126000.0     5.088
 -125900.0     5.145
 -125800.0     5.202
 -125700.0     5.259
 -125600.0     5.317
 -125500.0     5.374
 -125400.0     5.431
 -125300.0     5.488
 -125200.0     5.545
 -125100.0     5.602
 -125000.0     5.659
 -124900.0     5.716
 -124800.0     5.773
 -124700.0     5.830
 -124600.0     5.887
 -124500.0     5.944
 -124400.0     6.001
 -124300.0     6.058
 -124200.0     6.115
 -124100.0     6.172
 -124000.0     6.229
 -123900.0     6.286
 -123800.0     6.174
 -123700.0     6.006
 -123600.0     5.837
 -123500.0     5.669
 -123400.0     5.501
 -123300.0     5.333
 -123200.0     5.164
 -123100.0     4.996
 -123000.0     4.828
 -122900.0     4.660
 -122800.0     4.491
 -122700.0     4.323
 -122600.0     4.155
 -122500.0     3.987
 -122400.0     3.818
 -122300.0     3.650
 -122200.0     3.482
 -122100.0     3.314
 -122000.0     3.146
 -121900.0     2.977
 -121800.0     2.809
 -121700.0     2.641
 -121600.0     2.473
 -121500.0     2.304
 -121400.0     2.148
 -121300.0     2.010
 -121200.0     1.872
 -121100.0     1.734
 -121000.0     1.596
 -120900.0     1.459
 -120800.0     1.321
 -120700.0     1.183
 -120600.0     1.045
 -120500.0     0.907
 -120400.0     0.769
 -120300.0     0.632
 -120200.0     0.494
 -120100.0     0.356
 -120000.0     0.218
 -119900.0     0.080
 -119800.0    -0.057
 -119700.0    -0.195
 -119600.0    -0.333
 -119500.0    -0.471
 -119400.0    -0.609
 -119300.0    -0.747
 -119200.0    -0.884
 -119100.0    -1.022
 -119000.0    -1.160
 -118900.0    -1.446
 -118800.0    -1.732
 -118700.0    -2.018
 -118600.0    -2.304
 -118500.0    -2.590
 -118400.0    -2.876
 -118300.0    -3.162
 -118200.0    -3.448
 -118100.0    -3.734
 -118000.0    -4.020
 -117900.0    -4.306
 -117800.0    -4.592
 -117700.0    -4.878
 -117600.0    -5.164
 -117500.0    -5.450
 -117400.0    -5.848
 -117300.0    -6.246
 -117200.0    -6.644
 -117100.0    -7.042
 -117000.0    -7.440
 -116900.0    -7.838
 -116800.0    -8.236
 -116700.0    -8.634
 -116600.0    -9.032
 -116500.0    -9.430
 -116400.0    -9.828
 -116300.0   -10.226
 -116200.0   -10.624
 -116100.0   -11.022
 -116000.0   -11.420
 -115900.0   -11.799
 -115800.0   -12.177
 -115700.0   -12.556
 -115600.0   -12.935
 -115500.0   -13.313
 -115400.0   -13.692
 -115300.0   -14.071
 -115200.0   -14.449
 -115100.0   -14.828
 -115000.0   -15.207
 -114900.0   -15.585
 -114800.0   -15.964
 -114700.0   -16.343
 -114600.0   -16.721
 -114500.0   -17.100
 -114400.0   -17.739
 -114300.0   -18.379
 -114200.0   -19.018
 -114100.0   -19.657
 -114000.0   -20.297
 -113900.0   -20.936
 -113800.0   -21.575
 -113700.0   -22.215
 -113600.0   -22.854
 -113500.0   -23.493
 -113400.0   -24.133
 -113300.0   -24.772
 -113200.0   -25.411
 -113100.0   -26.051
 -113000.0   -26.690
 -112900.0   -27.640
 -112800.0   -28.590
 -112700.0   -29.540
 -112600.0   -30.490
 -112500.0   -31.440
 -112400.0   -32.390
 -112300.0   -33.340
 -112200.0   -34.290
 -112100.0   -35.240
 -112000.0   -36.190
 -111900.0   -37.140
 -111800.0   -38.090
 -111700.0   -39.040
 -111600.0   -39.990
 -111500.0   -40.940
 -111400.0   -41.192
 -111300.0   -41.444
 -111200.0   -41.696
 -111100.0   -41.948
 -111000.0   -42.200
 -110900.0   -42.452
 -110800.0   -42.704
 -110700.0   -42.956
 -110600.0   -43.208
 -110500.0   -43.460
 -110400.0   -43.712
 -110300.0   -43.964
 -110200.0   -44.216
 -110100.0   -44.468
 -110000.0   -44.720
 -109900.0   -44.713
 -109800.0   -44.707
 -109700.0   -44.700
 -109600.0   -44.693
 -109500.0   -44.687
 -109400.0   -44.680
 -109300.0   -44.673
 -109200.0   -44.667
 -109100.0   -44.660
 -109000.0   -44.653
 -108900.0   -44.647
 -108800.0   -44.640
 -108700.0   -44.633
 -108600.0   -44.627
 -108500.0   -44.620
 -108400.0   -44.181
 -108300.0   -43.741
 -108200.0   -43.302
 -108100.0   -42.863
 -108000.0   -42.423
 -107900.0   -41.984
 -107800.0   -41.545
 -107700.0   -41.105
 -107600.0   -40.666
 -107500.0   -40.227
 -107400.0   -39.787
 -107300.0   -39.348
 -107200.0   -38.909
 -107100.0   -38.469
 -107000.0   -38.030
 -106900.0   -37.602
 -106800.0   -37.174
 -106700.0   -36.746
 -106600.0   -36.318
 -106500.0   -35.890
 -106400.0   -35.462
 -106300.0   -35.034
 -106200.0   -34.606
 -106100.0   -34.178
 -106000.0   -33.750
 -105900.0   -33.322
 -105800.0   -32.894
 -105700.0   -32.466
 -105600.0   -32.038
 -105500.0   -31.610
 -105400.0   -31.355
 -105300.0   -31.101
 -105200.0   -30.846
 -105100.0   -30.591
 -105000.0   -30.337
 -104900.0   -30.082
 -104800.0   -29.827
 -104700.0   -29.573
 -104600.0   -29.318
 -104500.0   -29.063
 -104400.0   -28.809
 -104300.0   -28.554
 -104200.0   -28.299
 -104100.0   -28.045
 -104000.0   -27.790
 -103900.0   -27.349
 -103800.0   -26.909
 -103700.0   -26.468
 -103600.0   -26.027
 -103500.0   -25.587
 -103400.0   -25.146
 -103300.0   -24.705
 -103200.0   -24.265
 -103100.0   -23.824
 -103000.0   -23.383
 -102900.0   -22.943
 -102800.0   -22.502
 -102700.0   -22.061
 -102600.0   -21.621
 -102500.0   -21.180
 -102400.0   -21.159
 -102300.0   -21.137
 -102200.0   -21.116
 -102100.0   -21.095
 -102000.0   -21.073
 -101900.0   -21.052
 -101800.0   -21.031
 -101700.0   -21.009
 -101600.0   -20.988
 -101500.0   -20.967
 -101400.0   -20.945
 -101300.0   -20.924
 -101200.0   -20.903
 -101100.0   -20.881
 -101000.0   -20.860
 -100900.0   -21.059
 -100800.0   -21.257
 -100700.0   -21.456
 -100600.0   -21.655
 -100500.0   -21.853
 -100400.0   -22.052
 -100300.0   -22.251
 -100200.0   -22.449
 -100100.0   -22.648
 -100000.0   -22.847
  -99900.0   -23.045
  -99800.0   -23.244
  -99700.0   -23.443
  -99600.0   -23.641
  -99500.0   -23.840
  -99400.0   -24.105
  -99300.0   -24.369
  -99200.0   -24.634
  -99100.0   -24.899
  -99000.0   -25.163
  -98900.0   -25.428
  -98800.0   -25.693
  -98700.0   -25.957
  -98600.0   -26.222
  -98500.0   -26.487
  -98400.0   -26.751
  -98300.0   -27.016
  -98200.0   -27.281
  -98100.0   -27.545
  -98000.0   -27.810
  -97900.0   -27.795
  -97800.0   -27.781
  -97700.0   -27.766
  -97600.0   -27.751
  -97500.0   -27.737
  -97400.0   -27.722
  -97300.0   -27.707
  -97200.0   -27.693
  -97100.0   -27.678
  -97000.0   -27.663
  -96900.0   -27.649
  -96800.0   -27.634
  -96700.0   -27.619
  -96600.0   -27.605
  -96500.0   -27.590
  -96400.0   -27.552
  -96300.0   -27.514
  -96200.0   -27.476
  -96100.0   -27.438
  -96000.0   -27.400
  -95900.0   -27.362
  -95800.0   -27.324
  -95700.0   -27.286
  -95600.0   -27.248
  -95500.0   -27.210
  -95400.0   -27.172
  -95300.0   -27.134
  -95200.0   -27.096
  -95100.0   -27.058
  -95000.0   -27.020
  -94900.0   -27.535
  -94800.0   -28.049
  -94700.0   -28.564
  -94600.0   -29.079
  -94500.0   -29.593
  -94400.0   -30.108
  -94300.0   -30.623
  -94200.0   -31.137
  -94100.0   -31.652
  -94000.0   -32.167
  -93900.0   -32.681
  -93800.0   -33.196
  -93700.0   -33.711
  -93600.0   -34.225
  -93500.0   -34.740
  -93400.0   -35.237
  -93300.0   -35.735
  -93200.0   -36.232
  -93100.0   -36.729
  -93000.0   -37.227
  -92900.0   -37.724
  -92800.0   -38.221
  -92700.0   -38.719
  -92600.0   -39.216
  -92500.0   -39.713
  -92400.0   -40.211
  -92300.0   -40.708
  -92200.0   -41.205
  -92100.0   -41.703
  -92000.0   -42.200
  -91900.0   -42.533
  -91800.0   -42.865
  -91700.0   -43.198
  -91600.0   -43.531
  -91500.0   -43.863
  -91400.0   -44.196
  -91300.0   -44.529
  -91200.0   -44.861
  -91100.0   -45.194
  -91000.0   -45.527
  -90900.0   -45.859
  -90800.0   -46.192
  -90700.0   -46.525
  -90600.0   -46.857
  -90500.0   -47.190
  -90400.0   -47.263
  -90300.0   -47.337
  -90200.0   -47.410
  -90100.0   -47.483
  -90000.0   -47.557
  -89900.0   -47.630
  -89800.0   -47.703
  -89700.0   -47.777
  -89600.0   -47.850
  -89500.0   -47.923
  -89400.0   -47.997
  -89300.0   -48.070
  -89200.0   -48.143
  -89100.0   -48.217
  -89000.0   -48.290
  -88900.0   -48.313
  -88800.0   -48.335
  -88700.0   -48.358
  -88600.0   -48.381
  -88500.0   -48.403
  -88400.0   -48.426
  -88300.0   -48.449
  -88200.0   -48.471
  -88100.0   -48.494
  -88000.0   -48.517
  -87900.0   -48.539
  -87800.0   -48.562
  -87700.0   -48.585
  -87600.0   -48.607
  -87500.0   -48.630
  -87400.0   -48.179
  -87300.0   -47.729
  -87200.0   -47.278
  -87100.0   -46.827
  -87000.0   -46.377
  -86900.0   -45.926
  -86800.0   -45.475
  -86700.0   -45.025
  -86600.0   -44.574
  -86500.0   -44.123
  -86400.0   -43.673
  -86300.0   -43.222
  -86200.0   -42.771
  -86100.0   -42.321
  -86000.0   -41.870
  -85900.0   -41.216
  -85800.0   -40.562
  -85700.0   -39.908
  -85600.0   -39.254
  -85500.0   -38.600
  -85400.0   -37.946
  -85300.0   -37.292
  -85200.0   -36.638
  -85100.0   -35.984
  -85000.0   -35.330
  -84900.0   -34.676
  -84800.0   -34.022
  -84700.0   -33.368
  -84600.0   -32.714
  -84500.0   -32.060
  -84400.0   -31.409
  -84300.0   -30.759
  -84200.0   -30.108
  -84100.0   -29.457
  -84000.0   -28.807
  -83900.0   -28.156
  -83800.0   -27.505
  -83700.0   -26.855
  -83600.0   -26.204
  -83500.0   -25.553
  -83400.0   -24.903
  -83300.0   -24.252
  -83200.0   -23.601
  -83100.0   -22.951
  -83000.0   -22.300
  -82900.0   -22.058
  -82800.0   -21.816
  -82700.0   -21.574
  -82600.0   -21.332
  -82500.0   -21.090
  -82400.0   -20.848
  -82300.0   -20.606
  -82200.0   -20.364
  -82100.0   -20.122
  -82000.0   -19.880
  -81900.0   -19.638
  -81800.0   -19.396
  -81700.0   -19.154
  -81600.0   -18.912
  -81500.0   -18.670
  -81400.0   -18.739
  -81300.0   -18.807
  -81200.0   -18.876
  -81100.0   -18.945
  -81000.0   -19.013
  -80900.0   -19.082
  -80800.0   -19.151
  -80700.0   -19.219
  -80600.0   -19.288
  -80500.0   -19.357
  -80400.0   -19.425
  -80300.0   -19.494
  -80200.0   -19.563
  -80100.0   -19.631
  -80000.0   -19.700
  -79900.0   -20.082
  -79800.0   -20.464
  -79700.0   -20.846
  -79600.0   -21.228
  -79500.0   -21.610
  -79400.0   -21.992
  -79300.0   -22.374
  -79200.0   -22.756
  -79100.0   -23.138
  -79000.0   -23.520
  -78900.0   -23.902
  -78800.0   -24.284
  -78700.0   -24.666
  -78600.0   -25.048
  -78500.0   -25.430
  -78400.0   -26.155
  -78300.0   -26.881
  -78200.0   -27.606
  -78100.0   -28.331
  -78000.0   -29.057
  -77900.0   -29.782
  -77800.0   -30.507
  -77700.0   -31.233
  -77600.0   -31.958
  -77500.0   -32.683
  -77400.0   -33.409
  -77300.0   -34.134
  -77200.0   -34.859
  -77100.0   -35.585
  -77000.0   -36.310
  -76900.0   -36.531
  -76800.0   -36.751
  -76700.0   -36.972
  -76600.0   -37.193
  -76500.0   -37.413
  -76400.0   -37.634
  -76300.0   -37.855
  -76200.0   -38.075
  -76100.0   -38.296
  -76000.0   -38.517
  -75900.0   -38.737
  -75800.0   -38.958
  -75700.0   -39.179
  -75600.0   -39.399
  -75500.0   -39.620
  -75400.0   -39.937
  -75300.0   -40.255
  -75200.0   -40.572
  -75100.0   -40.889
  -75000.0   -41.207
  -74900.0   -41.524
  -74800.0   -41.841
  -74700.0   -42.159
  -74600.0   -42.476
  -74500.0   -42.793
  -74400.0   -43.111
  -74300.0   -43.428
  -74200.0   -43.745
  -74100.0   -44.063
  -74000.0   -44.380
  -73900.0   -45.909
  -73800.0   -47.437
  -73700.0   -48.966
  -73600.0   -50.495
  -73500.0   -52.023
  -73400.0   -53.552
  -73300.0   -55.081
  -73200.0   -56.609
  -73100.0   -58.138
  -73000.0   -59.667
  -72900.0   -61.195
  -72800.0   -62.724
  -72700.0   -64.253
  -72600.0   -65.781
  -72500.0   -67.310
  -72400.0   -67.674
  -72300.0   -68.038
  -72200.0   -68.402
  -72100.0   -68.766
  -72000.0   -69.130
  -71900.0   -69.494
  -71800.0   -69.858
  -71700.0   -70.222
  -71600.0   -70.586
  -71500.0   -70.950
  -71400.0   -71.314
  -71300.0   -71.678
  -71200.0   -72.042
  -71100.0   -72.406
  -71000.0   -72.770
  -70900.0   -73.011
  -70800.0   -73.251
  -70700.0   -73.492
  -70600.0   -73.733
  -70500.0   -73.973
  -70400.0   -74.214
  -70300.0   -74.455
  -70200.0   -74.695
  -70100.0   -74.936
  -70000.0   -75.177
  -69900.0   -75.417
  -69800.0   -75.658
  -69700.0   -75.899
  -69600.0   -76.139
  -69500.0   -76.380
  -69400.0   -76.491
  -69300.0   -76.603
  -69200.0   -76.714
  -69100.0   -76.825
  -69000.0   -76.937
  -68900.0   -77.048
  -68800.0   -77.159
  -68700.0   -77.271
  -68600.0   -77.382
  -68500.0   -77.493
  -68400.0   -77.605
  -68300.0   -77.716
  -68200.0   -77.827
  -68100.0   -77.939
  -68000.0   -78.050
  -67900.0   -78.471
  -67800.0   -78.891
  -67700.0   -79.312
  -67600.0   -79.733
  -67500.0   -80.153
  -67400.0   -80.574
  -67300.0   -80.995
  -67200.0   -81.415
  -67100.0   -81.836
  -67000.0   -82.257
  -66900.0   -82.677
  -66800.0   -83.098
  -66700.0   -83.519
  -66600.0   -83.939
  -66500.0   -84.360
  -66400.0   -84.379
  -66300.0   -84.399
  -66200.0   -84.418
  -66100.0   -84.437
  -66000.0   -84.457
  -65900.0   -84.476
  -65800.0   -84.495
  -65700.0   -84.515
  -65600.0   -84.534
  -65500.0   -84.553
  -65400.0   -84.573
  -65300.0   -84.592
  -65200.0   -84.611
  -65100.0   -84.631
  -65000.0   -84.650
  -64900.0   -83.979
  -64800.0   -83.307
  -64700.0   -82.636
  -64600.0   -81.965
  -64500.0   -81.293
  -64400.0   -80.622
  -64300.0   -79.951
  -64200.0   -79.279
  -64100.0   -78.608
  -64000.0   -77.937
  -63900.0   -77.265
  -63800.0   -76.594
  -63700.0   -75.923
  -63600.0   -75.251
  -63500.0   -74.580
  -63400.0   -73.257
  -63300.0   -71.935
  -63200.0   -70.612
  -63100.0   -69.289
  -63000.0   -67.967
  -62900.0   -66.644
  -62800.0   -65.321
  -62700.0   -63.999
  -62600.0   -62.676
  -62500.0   -61.353
  -62400.0   -60.031
  -62300.0   -58.708
  -62200.0   -57.385
  -62100.0   -56.063
  -62000.0   -54.740
  -61900.0   -54.292
  -61800.0   -53.844
  -61700.0   -53.396
  -61600.0   -52.948
  -61500.0   -52.500
  -61400.0   -52.052
  -61300.0   -51.604
  -61200.0   -51.156
  -61100.0   -50.708
  -61000.0   -50.260
  -60900.0   -49.812
  -60800.0   -49.364
  -60700.0   -48.916
  -60600.0   -48.468
  -60500.0   -48.020
  -60400.0   -48.565
  -60300.0   -49.111
  -60200.0   -49.656
  -60100.0   -50.201
  -60000.0   -50.747
  -59900.0   -51.292
  -59800.0   -51.837
  -59700.0   -52.383
  -59600.0   -52.928
  -59500.0   -53.473
  -59400.0   -54.019
  -59300.0   -54.564
  -59200.0   -55.109
  -59100.0   -55.655
  -59000.0   -56.200
  -58900.0   -56.489
  -58800.0   -56.779
  -58700.0   -57.068
  -58600.0   -57.357
  -58500.0   -57.647
  -58400.0   -57.936
  -58300.0   -58.225
  -58200.0   -58.515
  -58100.0   -58.804
  -58000.0   -59.093
  -57900.0   -59.383
  -57800.0   -59.672
  -57700.0   -59.961
  -57600.0   -60.251
  -57500.0   -60.540
  -57400.0   -60.231
  -57300.0   -59.921
  -57200.0   -59.612
  -57100.0   -59.303
  -57000.0   -58.993
  -56900.0   -58.684
  -56800.0   -58.375
  -56700.0   -58.065
  -56600.0   -57.756
  -56500.0   -57.447
  -56400.0   -57.137
  -56300.0   -56.828
  -56200.0   -56.519
  -56100.0   -56.209
  -56000.0   -55.900
  -55900.0   -55.646
  -55800.0   -55.392
  -55700.0   -55.138
  -55600.0   -54.884
  -55500.0   -54.630
  -55400.0   -54.376
  -55300.0   -54.122
  -55200.0   -53.868
  -55100.0   -53.614
  -55000.0   -53.360
  -54900.0   -53.106
  -54800.0   -52.852
  -54700.0   -52.598
  -54600.0   -52.344
  -54500.0   -52.090
  -54400.0   -52.455
  -54300.0   -52.819
  -54200.0   -53.184
  -54100.0   -53.549
  -54000.0   -53.913
  -53900.0   -54.278
  -53800.0   -54.643
  -53700.0   -55.007
  -53600.0   -55.372
  -53500.0   -55.737
  -53400.0   -56.101
  -53300.0   -56.466
  -53200.0   -56.831
  -53100.0   -57.195
  -53000.0   -57.560
  -52900.0   -58.314
  -52800.0   -59.068
  -52700.0   -59.822
  -52600.0   -60.576
  -52500.0   -61.330
  -52400.0   -62.084
  -52300.0   -62.838
  -52200.0   -63.592
  -52100.0   -64.346
  -52000.0   -65.100
  -51900.0   -65.854
  -51800.0   -66.608
  -51700.0   -67.362
  -51600.0   -68.116
  -51500.0   -68.870
  -51400.0   -69.053
  -51300.0   -69.235
  -51200.0   -69.418
  -51100.0   -69.601
  -51000.0   -69.783
  -50900.0   -69.966
  -50800.0   -70.149
  -50700.0   -70.331
  -50600.0   -70.514
  -50500.0   -70.697
  -50400.0   -70.879
  -50300.0   -71.062
  -50200.0   -71.245
  -50100.0   -71.427
  -50000.0   -71.610
  -49900.0   -71.769
  -49800.0   -71.929
  -49700.0   -72.088
  -49600.0   -72.247
  -49500.0   -72.407
  -49400.0   -72.566
  -49300.0   -72.725
  -49200.0   -72.885
  -49100.0   -73.044
  -49000.0   -73.203
  -48900.0   -73.363
  -48800.0   -73.522
  -48700.0   -73.681
  -48600.0   -73.841
  -48500.0   -74.000
  -48400.0   -73.948
  -48300.0   -73.896
  -48200.0   -73.844
  -48100.0   -73.792
  -48000.0   -73.740
  -47900.0   -73.688
  -47800.0   -73.636
  -47700.0   -73.584
  -47600.0   -73.532
  -47500.0   -73.480
  -47400.0   -73.428
  -47300.0   -73.376
  -47200.0   -73.324
  -47100.0   -73.272
  -47000.0   -73.220
  -46900.0   -73.238
  -46800.0   -73.256
  -46700.0   -73.274
  -46600.0   -73.292
  -46500.0   -73.310
  -46400.0   -73.328
  -46300.0   -73.346
  -46200.0   -73.364
  -46100.0   -73.382
  -46000.0   -73.400
  -45900.0   -73.418
  -45800.0   -73.436
  -45700.0   -73.454
  -45600.0   -73.472
  -45500.0   -73.490
  -45400.0   -73.631
  -45300.0   -73.771
  -45200.0   -73.912
  -45100.0   -74.053
  -45000.0   -74.193
  -44900.0   -74.334
  -44800.0   -74.475
  -44700.0   -74.615
  -44600.0   -74.756
  -44500.0   -74.897
  -44400.0   -75.037
  -44300.0   -75.178
  -44200.0   -75.319
  -44100.0   -75.459
  -44000.0   -75.600
  -43900.0   -75.463
  -43800.0   -75.325
  -43700.0   -75.188
  -43600.0   -75.051
  -43500.0   -74.913
  -43400.0   -74.776
  -43300.0   -74.639
  -43200.0   -74.501
  -43100.0   -74.364
  -43000.0   -74.227
  -42900.0   -74.089
  -42800.0   -73.952
  -42700.0   -73.815
  -42600.0   -73.677
  -42500.0   -73.540
  -42400.0   -73.159
  -42300.0   -72.777
  -42200.0   -72.396
  -42100.0   -72.015
  -42000.0   -71.633
  -41900.0   -71.252
  -41800.0   -70.871
  -41700.0   -70.489
  -41600.0   -70.108
  -41500.0   -69.727
  -41400.0   -69.345
  -41300.0   -68.964
  -41200.0   -68.583
  -41100.0   -68.201
  -41000.0   -67.820
  -40900.0   -67.439
  -40800.0   -67.059
  -40700.0   -66.678
  -40600.0   -66.297
  -40500.0   -65.917
  -40400.0   -65.536
  -40300.0   -65.155
  -40200.0   -64.775
  -40100.0   -64.394
  -40000.0   -64.013
  -39900.0   -63.633
  -39800.0   -63.252
  -39700.0   -62.871
  -39600.0   -62.491
  -39500.0   -62.110
  -39400.0   -62.418
  -39300.0   -62.726
  -39200.0   -63.034
  -39100.0   -63.342
  -39000.0   -63.650
  -38900.0   -63.958
  -38800.0   -64.266
  -38700.0   -64.574
  -38600.0   -64.882
  -38500.0   -65.190
  -38400.0   -65.498
  -38300.0   -65.806
  -38200.0   -66.114
  -38100.0   -66.422
  -38000.0   -66.730
  -37900.0   -67.483
  -37800.0   -68.237
  -37700.0   -68.990
  -37600.0   -69.743
  -37500.0   -70.497
  -37400.0   -71.250
  -37300.0   -72.003
  -37200.0   -72.757
  -37100.0   -73.510
  -37000.0   -74.263
  -36900.0   -75.017
  -36800.0   -75.770
  -36700.0   -76.523
  -36600.0   -77.277
  -36500.0   -78.030
  -36400.0   -78.207
  -36300.0   -78.383
  -36200.0   -78.560
  -36100.0   -78.737
  -36000.0   -78.913
  -35900.0   -79.090
  -35800.0   -79.267
  -35700.0   -79.443
  -35600.0   -79.620
  -35500.0   -79.797
  -35400.0   -79.973
  -35300.0   -80.150
  -35200.0   -80.327
  -35100.0   -80.503
  -35000.0   -80.680
  -34900.0   -80.582
  -34800.0   -80.484
  -34700.0   -80.386
  -34600.0   -80.288
  -34500.0   -80.190
  -34400.0   -80.092
  -34300.0   -79.994
  -34200.0   -79.896
  -34100.0   -79.798
  -34000.0   -79.700
  -33900.0   -79.602
  -33800.0   -79.504
  -33700.0   -79.406
  -33600.0   -79.308
  -33500.0   -79.210
  -33400.0   -79.161
  -33300.0   -79.111
  -33200.0   -79.062
  -33100.0   -79.013
  -33000.0   -78.963
  -32900.0   -78.914
  -32800.0   -78.865
  -32700.0   -78.815
  -32600.0   -78.766
  -32500.0   -78.717
  -32400.0   -78.667
  -32300.0   -78.618
  -32200.0   -78.569
  -32100.0   -78.519
  -32000.0   -78.470
  -31900.0   -78.687
  -31800.0   -78.903
  -31700.0   -79.120
  -31600.0   -79.337
  -31500.0   -79.553
  -31400.0   -79.770
  -31300.0   -79.987
  -31200.0   -80.203
  -31100.0   -80.420
  -31000.0   -80.637
  -30900.0   -80.853
  -30800.0   -81.070
  -30700.0   -81.287
  -30600.0   -81.503
  -30500.0   -81.720
  -30400.0   -82.143
  -30300.0   -82.565
  -30200.0   -82.988
  -30100.0   -83.411
  -30000.0   -83.833
  -29900.0   -84.256
  -29800.0   -84.679
  -29700.0   -85.101
  -29600.0   -85.524
  -29500.0   -85.947
  -29400.0   -86.369
  -29300.0   -86.792
  -29200.0   -87.215
  -29100.0   -87.637
  -29000.0   -88.060
  -28900.0   -88.758
  -28800.0   -89.456
  -28700.0   -90.154
  -28600.0   -90.852
  -28500.0   -91.550
  -28400.0   -92.248
  -28300.0   -92.946
  -28200.0   -93.644
  -28100.0   -94.342
  -28000.0   -95.040
  -27900.0   -95.738
  -27800.0   -96.436
  -27700.0   -97.134
  -27600.0   -97.832
  -27500.0   -98.530
  -27400.0   -99.041
  -27300.0   -99.553
  -27200.0  -100.064
  -27100.0  -100.575
  -27000.0  -101.087
  -26900.0  -101.598
  -26800.0  -102.109
  -26700.0  -102.621
  -26600.0  -103.132
  -26500.0  -103.643
  -26400.0  -104.155
  -26300.0  -104.666
  -26200.0  -105.177
  -26100.0  -105.689
  -26000.0  -106.200
  -25900.0  -106.653
  -25800.0  -107.105
  -25700.0  -107.558
  -25600.0  -108.011
  -25500.0  -108.463
  -25400.0  -108.916
  -25300.0  -109.369
  -25200.0  -109.821
  -25100.0  -110.274
  -25000.0  -110.727
  -24900.0  -111.179
  -24800.0  -111.632
  -24700.0  -112.085
  -24600.0  -112.537
  -24500.0  -112.990
  -24400.0  -113.305
  -24300.0  -113.619
  -24200.0  -113.934
  -24100.0  -114.249
  -24000.0  -114.563
  -23900.0  -114.878
  -23800.0  -115.193
  -23700.0  -115.507
  -23600.0  -115.822
  -23500.0  -116.137
  -23400.0  -116.451
  -23300.0  -116.766
  -23200.0  -117.081
  -23100.0  -117.395
  -23000.0  -117.710
  -22900.0  -117.897
  -22800.0  -118.083
  -22700.0  -118.270
  -22600.0  -118.457
  -22500.0  -118.643
  -22400.0  -118.830
  -22300.0  -119.017
  -22200.0  -119.203
  -22100.0  -119.390
  -22000.0  -119.577
  -21900.0  -119.763
  -21800.0  -119.950
  -21700.0  -120.137
  -21600.0  -120.323
  -21500.0  -120.510
  -21400.0  -120.677
  -21300.0  -120.845
  -21200.0  -121.012
  -21100.0  -121.179
  -21000.0  -121.347
  -20900.0  -121.514
  -20800.0  -121.681
  -20700.0  -121.849
  -20600.0  -122.016
  -20500.0  -122.183
  -20400.0  -122.351
  -20300.0  -122.518
  -20200.0  -122.685
  -20100.0  -122.853
  -20000.0  -123.020
  -19900.0  -122.823
  -19800.0  -122.627
  -19700.0  -122.430
  -19600.0  -122.233
  -19500.0  -122.037
  -19400.0  -121.840
  -19300.0  -121.643
  -19200.0  -121.447
  -19100.0  -121.250
  -19000.0  -121.053
  -18900.0  -120.857
  -18800.0  -120.660
  -18700.0  -120.463
  -18600.0  -120.267
  -18500.0  -120.070
  -18400.0  -119.677
  -18300.0  -119.283
  -18200.0  -118.890
  -18100.0  -118.497
  -18000.0  -118.103
  -17900.0  -117.710
  -17800.0  -117.317
  -17700.0  -116.923
  -17600.0  -116.530
  -17500.0  -116.137
  -17400.0  -115.743
  -17300.0  -115.350
  -17200.0  -114.957
  -17100.0  -114.563
  -17000.0  -114.170
  -16900.0  -113.570
  -16800.0  -112.970
  -16700.0  -112.370
  -16600.0  -111.770
  -16500.0  -111.170
  -16400.0  -110.570
  -16300.0  -109.970
  -16200.0  -109.370
  -16100.0  -108.770
  -16000.0  -108.170
  -15900.0  -107.570
  -15800.0  -106.970
  -15700.0  -106.370
  -15600.0  -105.770
  -15500.0  -105.170
  -15400.0  -104.088
  -15300.0  -103.006
  -15200.0  -101.924
  -15100.0  -100.842
  -15000.0   -99.760
  -14900.0   -98.678
  -14800.0   -97.596
  -14700.0   -96.514
  -14600.0   -95.432
  -14500.0   -94.350
  -14400.0   -93.268
  -14300.0   -92.186
  -14200.0   -91.104
  -14100.0   -90.022
  -14000.0   -88.940
  -13900.0   -87.495
  -13800.0   -86.049
  -13700.0   -84.604
  -13600.0   -83.159
  -13500.0   -81.713
  -13400.0   -80.268
  -13300.0   -78.823
  -13200.0   -77.377
  -13100.0   -75.932
  -13000.0   -74.487
  -12900.0   -73.041
  -12800.0   -71.596
  -12700.0   -70.151
  -12600.0   -68.705
  -12500.0   -67.260
  -12400.0   -65.775
  -12300.0   -64.291
  -12200.0   -62.806
  -12100.0   -61.321
  -12000.0   -59.837
  -11900.0   -58.352
  -11800.0   -56.867
  -11700.0   -55.383
  -11600.0   -53.898
  -11500.0   -52.413
  -11400.0   -50.929
  -11300.0   -49.444
  -11200.0   -47.959
  -11100.0   -46.475
  -11000.0   -44.990
  -10900.0   -43.613
  -10800.0   -42.237
  -10700.0   -40.860
  -10600.0   -39.483
  -10500.0   -38.107
  -10400.0   -36.730
  -10300.0   -35.353
  -10200.0   -33.977
  -10100.0   -32.600
  -10000.0   -31.223
   -9900.0   -29.847
   -9800.0   -28.470
   -9700.0   -27.093
   -9600.0   -25.717
   -9500.0   -24.340
   -9400.0   -23.367
   -9300.0   -22.393
   -9200.0   -21.420
   -9100.0   -20.447
   -9000.0   -19.473
   -8900.0   -18.500
   -8800.0   -17.527
   -8700.0   -16.553
   -8600.0   -15.580
   -8500.0   -14.607
   -8400.0   -13.633
   -8300.0   -12.660
   -8200.0   -11.687
   -8100.0   -10.713
   -8000.0    -9.740
   -7900.0    -9.415
   -7800.0    -9.091
   -7700.0    -8.766
   -7600.0    -8.441
   -7500.0    -8.117
   -7400.0    -7.792
   -7300.0    -7.467
   -7200.0    -7.143
   -7100.0    -6.818
   -7000.0    -6.493
   -6900.0    -6.169
   -6800.0    -5.844
   -6700.0    -5.519
   -6600.0    -5.195
   -6500.0    -4.870
   -6400.0    -4.713
   -6300.0    -4.555
   -6200.0    -4.398
   -6100.0    -4.241
   -6000.0    -4.083
   -5900.0    -3.926
   -5800.0    -3.769
   -5700.0    -3.611
   -5600.0    -3.454
   -5500.0    -3.297
   -5400.0    -3.139
   -5300.0    -2.982
   -5200.0    -2.825
   -5100.0    -2.667
   -5000.0    -2.510
   -4900.0    -2.421
   -4800.0    -2.333
   -4700.0    -2.244
   -4600.0    -2.155
   -4500.0    -2.067
   -4400.0    -1.978
   -4300.0    -1.889
   -4200.0    -1.801
   -4100.0    -1.712
   -4000.0    -1.623
   -3900.0    -1.535
   -3800.0    -1.446
   -3700.0    -1.357
   -3600.0    -1.269
   -3500.0    -1.180
   -3400.0    -1.111
   -3300.0    -1.043
   -3200.0    -0.974
   -3100.0    -0.905
   -3000.0    -0.837
   -2900.0    -0.768
   -2800.0    -0.699
   -2700.0    -0.631
   -2600.0    -0.562
   -2500.0    -0.493
   -2400.0    -0.425
   -2300.0    -0.356
   -2200.0    -0.287
   -2100.0    -0.219
   -2000.0    -0.150
   -1900.0    -0.140
   -1800.0    -0.130
   -1700.0    -0.120
   -1600.0    -0.110
   -1500.0    -0.100
   -1400.0    -0.090
   -1300.0    -0.080
   -1200.0    -0.070
   -1100.0    -0.060
   -1000.0    -0.050
    -900.0    -0.040
    -800.0    -0.030
    -700.0    -0.020
    -600.0    -0.010
    -500.0     0.000
    -400.0     0.000
    -300.0     0.000
    -200.0     0.000
    -100.0     0.000
       0.0     0.000